#PARAMETERS
# images = [[1 -1 -1 1 -1 1 1 -1; 1 -1 -1 1 -1 1 1 -1; 1 -1 -1 1 -1 1 1 -1; 1 -1 -1 1 -1 1 1 -1; -1 1 1 -1 1 -1 -1 1; -1 1 1 -1 1 -1 -1 1; -1 1 1 -1 1 -1 -1 1; -1 1 1 -1 1 -1 -1 1], [1 -1 1 -1 -1 1 -1 1; -1 1 -1 1 1 -1 1 -1; 1 -1 1 -1 -1 1 -1 1; -1 1 -1 1 1 -1 1 -1; -1 1 -1 1 1 -1 1 -1; 1 -1 1 -1 -1 1 -1 1; -1 1 -1 1 1 -1 1 -1; 1 -1 1 -1 -1 1 -1 1], [1 1 1 1 1 1 1 1; 1 1 1 1 1 1 1 1; 1 1 1 1 1 1 1 1; 1 1 1 1 1 1 1 1; 1 1 1 1 1 1 1 1; 1 1 1 1 1 1 1 1; 1 1 1 1 1 1 1 1; 1 1 1 1 1 1 1 1], [1 1 1 1 -1 -1 -1 -1; 1 1 1 1 -1 -1 -1 -1; -1 -1 -1 -1 1 1 1 1; -1 -1 -1 -1 1 1 1 1; -1 -1 -1 -1 1 1 1 1; -1 -1 -1 -1 1 1 1 1; 1 1 1 1 -1 -1 -1 -1; 1 1 1 1 -1 -1 -1 -1], [1 1 -1 -1 -1 -1 1 1; -1 -1 1 1 1 1 -1 -1; 1 1 -1 -1 -1 -1 1 1; -1 -1 1 1 1 1 -1 -1; 1 1 -1 -1 -1 -1 1 1; -1 -1 1 1 1 1 -1 -1; 1 1 -1 -1 -1 -1 1 1; -1 -1 1 1 1 1 -1 -1], [1 -1 1 -1 1 -1 1 -1; 1 -1 1 -1 1 -1 1 -1; -1 1 -1 1 -1 1 -1 1; -1 1 -1 1 -1 1 -1 1; -1 1 -1 1 -1 1 -1 1; -1 1 -1 1 -1 1 -1 1; 1 -1 1 -1 1 -1 1 -1; 1 -1 1 -1 1 -1 1 -1], [1 -1 1 -1 1 -1 1 -1; -1 1 -1 1 -1 1 -1 1; 1 -1 1 -1 1 -1 1 -1; -1 1 -1 1 -1 1 -1 1; -1 1 -1 1 -1 1 -1 1; 1 -1 1 -1 1 -1 1 -1; -1 1 -1 1 -1 1 -1 1; 1 -1 1 -1 1 -1 1 -1], [1 -1 -1 1 1 -1 -1 1; -1 1 1 -1 -1 1 1 -1; -1 1 1 -1 -1 1 1 -1; 1 -1 -1 1 1 -1 -1 1; 1 -1 -1 1 1 -1 -1 1; -1 1 1 -1 -1 1 1 -1; -1 1 1 -1 -1 1 1 -1; 1 -1 -1 1 1 -1 -1 1], [1 -1 -1 1 -1 1 1 -1; -1 1 1 -1 1 -1 -1 1; -1 1 1 -1 1 -1 -1 1; 1 -1 -1 1 -1 1 1 -1; 1 -1 -1 1 -1 1 1 -1; -1 1 1 -1 1 -1 -1 1; -1 1 1 -1 1 -1 -1 1; 1 -1 -1 1 -1 1 1 -1], [1 -1 1 -1 1 -1 1 -1; 1 -1 1 -1 1 -1 1 -1; 1 -1 1 -1 1 -1 1 -1; 1 -1 1 -1 1 -1 1 -1; -1 1 -1 1 -1 1 -1 1; -1 1 -1 1 -1 1 -1 1; -1 1 -1 1 -1 1 -1 1; -1 1 -1 1 -1 1 -1 1], [1 1 -1 -1 1 1 -1 -1; -1 -1 1 1 -1 -1 1 1; -1 -1 1 1 -1 -1 1 1; 1 1 -1 -1 1 1 -1 -1; 1 1 -1 -1 1 1 -1 -1; -1 -1 1 1 -1 -1 1 1; -1 -1 1 1 -1 -1 1 1; 1 1 -1 -1 1 1 -1 -1], [1 1 1 1 -1 -1 -1 -1; 1 1 1 1 -1 -1 -1 -1; -1 -1 -1 -1 1 1 1 1; -1 -1 -1 -1 1 1 1 1; 1 1 1 1 -1 -1 -1 -1; 1 1 1 1 -1 -1 -1 -1; -1 -1 -1 -1 1 1 1 1; -1 -1 -1 -1 1 1 1 1], [1 -1 1 -1 -1 1 -1 1; -1 1 -1 1 1 -1 1 -1; 1 -1 1 -1 -1 1 -1 1; -1 1 -1 1 1 -1 1 -1; 1 -1 1 -1 -1 1 -1 1; -1 1 -1 1 1 -1 1 -1; 1 -1 1 -1 -1 1 -1 1; -1 1 -1 1 1 -1 1 -1], [1 1 -1 -1 -1 -1 1 1; 1 1 -1 -1 -1 -1 1 1; 1 1 -1 -1 -1 -1 1 1; 1 1 -1 -1 -1 -1 1 1; -1 -1 1 1 1 1 -1 -1; -1 -1 1 1 1 1 -1 -1; -1 -1 1 1 1 1 -1 -1; -1 -1 1 1 1 1 -1 -1], [1 -1 -1 1 1 -1 -1 1; -1 1 1 -1 -1 1 1 -1; -1 1 1 -1 -1 1 1 -1; 1 -1 -1 1 1 -1 -1 1; -1 1 1 -1 -1 1 1 -1; 1 -1 -1 1 1 -1 -1 1; 1 -1 -1 1 1 -1 -1 1; -1 1 1 -1 -1 1 1 -1], [1 -1 -1 1 1 -1 -1 1; 1 -1 -1 1 1 -1 -1 1; -1 1 1 -1 -1 1 1 -1; -1 1 1 -1 -1 1 1 -1; -1 1 1 -1 -1 1 1 -1; -1 1 1 -1 -1 1 1 -1; 1 -1 -1 1 1 -1 -1 1; 1 -1 -1 1 1 -1 -1 1], [1 1 1 1 1 1 1 1; 1 1 1 1 1 1 1 1; -1 -1 -1 -1 -1 -1 -1 -1; -1 -1 -1 -1 -1 -1 -1 -1; -1 -1 -1 -1 -1 -1 -1 -1; -1 -1 -1 -1 -1 -1 -1 -1; 1 1 1 1 1 1 1 1; 1 1 1 1 1 1 1 1], [1 -1 -1 1 -1 1 1 -1; 1 -1 -1 1 -1 1 1 -1; -1 1 1 -1 1 -1 -1 1; -1 1 1 -1 1 -1 -1 1; 1 -1 -1 1 -1 1 1 -1; 1 -1 -1 1 -1 1 1 -1; -1 1 1 -1 1 -1 -1 1; -1 1 1 -1 1 -1 -1 1], [1 -1 1 -1 -1 1 -1 1; 1 -1 1 -1 -1 1 -1 1; -1 1 -1 1 1 -1 1 -1; -1 1 -1 1 1 -1 1 -1; -1 1 -1 1 1 -1 1 -1; -1 1 -1 1 1 -1 1 -1; 1 -1 1 -1 -1 1 -1 1; 1 -1 1 -1 -1 1 -1 1], [1 -1 -1 1 1 -1 -1 1; 1 -1 -1 1 1 -1 -1 1; -1 1 1 -1 -1 1 1 -1; -1 1 1 -1 -1 1 1 -1; 1 -1 -1 1 1 -1 -1 1; 1 -1 -1 1 1 -1 -1 1; -1 1 1 -1 -1 1 1 -1; -1 1 1 -1 -1 1 1 -1]]
# scaling = 1.0
# iterations = 100
# steps = 3000
# num_agitations = 1
# initial_stimuli = [(1, 1, 1)]
# sim_time = 4
# delta = -0.0013333333333333333

#Note, format for DATA is [conv_64, image_count]

#DATA

[
	 [1.0, 1],
	 [0.951, 2],
	 [0.964, 3],
	 [0.947, 4],
	 [0.907, 5],
	 [0.856, 6],
	 [0.781, 7],
	 [0.659, 8],
	 [0.534, 9],
	 [0.429, 10],
	 [0.34, 11],
	 [0.259, 12],
	 [0.205, 13],
	 [0.153, 14],
	 [0.123, 15],
	 [0.088, 16],
	 [0.081, 17],
	 [0.054, 18],
	 [0.042, 19],
	 [0.03, 20],
]

