#PARAMETERS
# images = [[1 1 1 1 1 1 1 1; 1 1 1 1 1 1 1 1; -1 -1 -1 -1 -1 -1 -1 -1; -1 -1 -1 -1 -1 -1 -1 -1; 1 1 1 1 1 1 1 1; 1 1 1 1 1 1 1 1; -1 -1 -1 -1 -1 -1 -1 -1; -1 -1 -1 -1 -1 -1 -1 -1], [1 1 -1 -1 -1 -1 1 1; -1 -1 1 1 1 1 -1 -1; 1 1 -1 -1 -1 -1 1 1; -1 -1 1 1 1 1 -1 -1; -1 -1 1 1 1 1 -1 -1; 1 1 -1 -1 -1 -1 1 1; -1 -1 1 1 1 1 -1 -1; 1 1 -1 -1 -1 -1 1 1], [1 -1 -1 1 1 -1 -1 1; 1 -1 -1 1 1 -1 -1 1; 1 -1 -1 1 1 -1 -1 1; 1 -1 -1 1 1 -1 -1 1; 1 -1 -1 1 1 -1 -1 1; 1 -1 -1 1 1 -1 -1 1; 1 -1 -1 1 1 -1 -1 1; 1 -1 -1 1 1 -1 -1 1], [1 -1 1 -1 -1 1 -1 1; 1 -1 1 -1 -1 1 -1 1; -1 1 -1 1 1 -1 1 -1; -1 1 -1 1 1 -1 1 -1; -1 1 -1 1 1 -1 1 -1; -1 1 -1 1 1 -1 1 -1; 1 -1 1 -1 -1 1 -1 1; 1 -1 1 -1 -1 1 -1 1], [1 -1 -1 1 1 -1 -1 1; -1 1 1 -1 -1 1 1 -1; 1 -1 -1 1 1 -1 -1 1; -1 1 1 -1 -1 1 1 -1; -1 1 1 -1 -1 1 1 -1; 1 -1 -1 1 1 -1 -1 1; -1 1 1 -1 -1 1 1 -1; 1 -1 -1 1 1 -1 -1 1], [1 1 -1 -1 1 1 -1 -1; 1 1 -1 -1 1 1 -1 -1; 1 1 -1 -1 1 1 -1 -1; 1 1 -1 -1 1 1 -1 -1; 1 1 -1 -1 1 1 -1 -1; 1 1 -1 -1 1 1 -1 -1; 1 1 -1 -1 1 1 -1 -1; 1 1 -1 -1 1 1 -1 -1], [1 -1 1 -1 -1 1 -1 1; 1 -1 1 -1 -1 1 -1 1; 1 -1 1 -1 -1 1 -1 1; 1 -1 1 -1 -1 1 -1 1; 1 -1 1 -1 -1 1 -1 1; 1 -1 1 -1 -1 1 -1 1; 1 -1 1 -1 -1 1 -1 1; 1 -1 1 -1 -1 1 -1 1], [1 1 1 1 -1 -1 -1 -1; -1 -1 -1 -1 1 1 1 1; -1 -1 -1 -1 1 1 1 1; 1 1 1 1 -1 -1 -1 -1; -1 -1 -1 -1 1 1 1 1; 1 1 1 1 -1 -1 -1 -1; 1 1 1 1 -1 -1 -1 -1; -1 -1 -1 -1 1 1 1 1], [1 1 1 1 1 1 1 1; 1 1 1 1 1 1 1 1; 1 1 1 1 1 1 1 1; 1 1 1 1 1 1 1 1; -1 -1 -1 -1 -1 -1 -1 -1; -1 -1 -1 -1 -1 -1 -1 -1; -1 -1 -1 -1 -1 -1 -1 -1; -1 -1 -1 -1 -1 -1 -1 -1], [1 1 -1 -1 -1 -1 1 1; -1 -1 1 1 1 1 -1 -1; -1 -1 1 1 1 1 -1 -1; 1 1 -1 -1 -1 -1 1 1; -1 -1 1 1 1 1 -1 -1; 1 1 -1 -1 -1 -1 1 1; 1 1 -1 -1 -1 -1 1 1; -1 -1 1 1 1 1 -1 -1], [1 1 -1 -1 -1 -1 1 1; -1 -1 1 1 1 1 -1 -1; 1 1 -1 -1 -1 -1 1 1; -1 -1 1 1 1 1 -1 -1; 1 1 -1 -1 -1 -1 1 1; -1 -1 1 1 1 1 -1 -1; 1 1 -1 -1 -1 -1 1 1; -1 -1 1 1 1 1 -1 -1], [1 -1 -1 1 -1 1 1 -1; 1 -1 -1 1 -1 1 1 -1; 1 -1 -1 1 -1 1 1 -1; 1 -1 -1 1 -1 1 1 -1; 1 -1 -1 1 -1 1 1 -1; 1 -1 -1 1 -1 1 1 -1; 1 -1 -1 1 -1 1 1 -1; 1 -1 -1 1 -1 1 1 -1], [1 1 -1 -1 1 1 -1 -1; -1 -1 1 1 -1 -1 1 1; -1 -1 1 1 -1 -1 1 1; 1 1 -1 -1 1 1 -1 -1; -1 -1 1 1 -1 -1 1 1; 1 1 -1 -1 1 1 -1 -1; 1 1 -1 -1 1 1 -1 -1; -1 -1 1 1 -1 -1 1 1], [1 1 -1 -1 -1 -1 1 1; -1 -1 1 1 1 1 -1 -1; -1 -1 1 1 1 1 -1 -1; 1 1 -1 -1 -1 -1 1 1; 1 1 -1 -1 -1 -1 1 1; -1 -1 1 1 1 1 -1 -1; -1 -1 1 1 1 1 -1 -1; 1 1 -1 -1 -1 -1 1 1], [1 -1 1 -1 1 -1 1 -1; 1 -1 1 -1 1 -1 1 -1; 1 -1 1 -1 1 -1 1 -1; 1 -1 1 -1 1 -1 1 -1; 1 -1 1 -1 1 -1 1 -1; 1 -1 1 -1 1 -1 1 -1; 1 -1 1 -1 1 -1 1 -1; 1 -1 1 -1 1 -1 1 -1], [1 -1 -1 1 1 -1 -1 1; 1 -1 -1 1 1 -1 -1 1; -1 1 1 -1 -1 1 1 -1; -1 1 1 -1 -1 1 1 -1; -1 1 1 -1 -1 1 1 -1; -1 1 1 -1 -1 1 1 -1; 1 -1 -1 1 1 -1 -1 1; 1 -1 -1 1 1 -1 -1 1], [1 -1 1 -1 -1 1 -1 1; -1 1 -1 1 1 -1 1 -1; -1 1 -1 1 1 -1 1 -1; 1 -1 1 -1 -1 1 -1 1; -1 1 -1 1 1 -1 1 -1; 1 -1 1 -1 -1 1 -1 1; 1 -1 1 -1 -1 1 -1 1; -1 1 -1 1 1 -1 1 -1], [1 -1 1 -1 1 -1 1 -1; 1 -1 1 -1 1 -1 1 -1; -1 1 -1 1 -1 1 -1 1; -1 1 -1 1 -1 1 -1 1; 1 -1 1 -1 1 -1 1 -1; 1 -1 1 -1 1 -1 1 -1; -1 1 -1 1 -1 1 -1 1; -1 1 -1 1 -1 1 -1 1], [1 1 -1 -1 -1 -1 1 1; 1 1 -1 -1 -1 -1 1 1; 1 1 -1 -1 -1 -1 1 1; 1 1 -1 -1 -1 -1 1 1; -1 -1 1 1 1 1 -1 -1; -1 -1 1 1 1 1 -1 -1; -1 -1 1 1 1 1 -1 -1; -1 -1 1 1 1 1 -1 -1], [1 1 -1 -1 1 1 -1 -1; -1 -1 1 1 -1 -1 1 1; 1 1 -1 -1 1 1 -1 -1; -1 -1 1 1 -1 -1 1 1; 1 1 -1 -1 1 1 -1 -1; -1 -1 1 1 -1 -1 1 1; 1 1 -1 -1 1 1 -1 -1; -1 -1 1 1 -1 -1 1 1]]
# scaling = 1.0
# iterations = 100
# steps = 3000
# num_agitations = 1
# initial_stimuli = [(1, 1, 1)]
# sim_time = 4
# delta = -0.0013333333333333333

#Note, format for DATA is [conv_16, image_count, multiple_16]

#DATA

[
	 [1.0, 1, 0.0],
	 [1.0, 2, 0.906],
	 [1.0, 3, 0.932],
	 [0.998, 4, 0.922],
	 [0.996, 5, 0.917],
	 [0.987, 6, 0.839],
	 [0.978, 7, 0.712],
	 [0.963, 8, 0.614],
	 [0.9, 9, 0.492],
	 [0.783, 10, 0.32],
	 [0.701, 11, 0.22],
	 [0.613, 12, 0.176],
	 [0.524, 13, 0.125],
	 [0.414, 14, 0.092],
	 [0.344, 15, 0.051],
	 [0.282, 16, 0.045],
	 [0.245, 17, 0.045],
	 [0.2, 18, 0.038],
	 [0.146, 19, 0.019],
	 [0.123, 20, 0.01],
]

