#PARAMETERS
# images = [[1 1 1 1; 1 1 1 1; 1 1 1 1; 1 1 1 1], [1 1 1 1; -1 -1 -1 -1; 1 1 1 1; -1 -1 -1 -1], [1 1 1 1; 1 1 1 1; -1 -1 -1 -1; -1 -1 -1 -1], [1 1 1 1; -1 -1 -1 -1; -1 -1 -1 -1; 1 1 1 1], [1 -1 1 -1; 1 -1 1 -1; 1 -1 1 -1; 1 -1 1 -1], [1 -1 1 -1; -1 1 -1 1; 1 -1 1 -1; -1 1 -1 1], [1 -1 1 -1; 1 -1 1 -1; -1 1 -1 1; -1 1 -1 1], [1 -1 1 -1; -1 1 -1 1; -1 1 -1 1; 1 -1 1 -1], [1 1 -1 -1; 1 1 -1 -1; 1 1 -1 -1; 1 1 -1 -1], [1 1 -1 -1; -1 -1 1 1; 1 1 -1 -1; -1 -1 1 1], [1 1 -1 -1; 1 1 -1 -1; -1 -1 1 1; -1 -1 1 1], [1 1 -1 -1; -1 -1 1 1; -1 -1 1 1; 1 1 -1 -1], [1 -1 -1 1; 1 -1 -1 1; 1 -1 -1 1; 1 -1 -1 1], [1 -1 -1 1; -1 1 1 -1; 1 -1 -1 1; -1 1 1 -1], [1 -1 -1 1; 1 -1 -1 1; -1 1 1 -1; -1 1 1 -1], [1 -1 -1 1; -1 1 1 -1; -1 1 1 -1; 1 -1 -1 1]]
# scaling = 1.0
# iterations = 100
# steps = 3000
# num_agitations = 1
# initial_stimuli = [(1, 1, 1)]
# sim_time = 4
# delta = -0.0013333333333333333

#Note, format for DATA is [conv_16, image_count, multiple_16]

#DATA

[
	 [1.0, 1, 0.0],
	 [1.0, 2, 1.0],
	 [1.0, 3, 1.0],
	 [1.0, 4, 0.98],
	 [0.86, 5, 0.54],
	 [0.89, 6, 0.47],
	 [0.61, 7, 0.14],
	 [0.48, 8, 0.04],
	 [0.35, 9, 0.05],
	 [0.31, 10, 0.01],
	 [0.28, 11, 0.02],
	 [0.1, 12, 0.0],
	 [0.07, 13, 0.0],
	 [0.06, 14, 0.0],
	 [0.01, 15, 0.0],
	 [0.0, 16, 0.0],
]

