#PARAMETERS
# images = [[1 1 1 1 1 1 1 1 1 1 1 1 1 1 1 1; 1 1 1 1 1 1 1 1 1 1 1 1 1 1 1 1; 1 1 1 1 1 1 1 1 1 1 1 1 1 1 1 1; 1 1 1 1 1 1 1 1 1 1 1 1 1 1 1 1; 1 1 1 1 1 1 1 1 1 1 1 1 1 1 1 1; 1 1 1 1 1 1 1 1 1 1 1 1 1 1 1 1; 1 1 1 1 1 1 1 1 1 1 1 1 1 1 1 1; 1 1 1 1 1 1 1 1 1 1 1 1 1 1 1 1; 1 1 1 1 1 1 1 1 1 1 1 1 1 1 1 1; 1 1 1 1 1 1 1 1 1 1 1 1 1 1 1 1; 1 1 1 1 1 1 1 1 1 1 1 1 1 1 1 1; 1 1 1 1 1 1 1 1 1 1 1 1 1 1 1 1; 1 1 1 1 1 1 1 1 1 1 1 1 1 1 1 1; 1 1 1 1 1 1 1 1 1 1 1 1 1 1 1 1; 1 1 1 1 1 1 1 1 1 1 1 1 1 1 1 1; 1 1 1 1 1 1 1 1 1 1 1 1 1 1 1 1], [1 1 1 1 1 1 1 1 -1 -1 -1 -1 -1 -1 -1 -1; 1 1 1 1 1 1 1 1 -1 -1 -1 -1 -1 -1 -1 -1; 1 1 1 1 1 1 1 1 -1 -1 -1 -1 -1 -1 -1 -1; 1 1 1 1 1 1 1 1 -1 -1 -1 -1 -1 -1 -1 -1; 1 1 1 1 1 1 1 1 -1 -1 -1 -1 -1 -1 -1 -1; 1 1 1 1 1 1 1 1 -1 -1 -1 -1 -1 -1 -1 -1; 1 1 1 1 1 1 1 1 -1 -1 -1 -1 -1 -1 -1 -1; 1 1 1 1 1 1 1 1 -1 -1 -1 -1 -1 -1 -1 -1; 1 1 1 1 1 1 1 1 -1 -1 -1 -1 -1 -1 -1 -1; 1 1 1 1 1 1 1 1 -1 -1 -1 -1 -1 -1 -1 -1; 1 1 1 1 1 1 1 1 -1 -1 -1 -1 -1 -1 -1 -1; 1 1 1 1 1 1 1 1 -1 -1 -1 -1 -1 -1 -1 -1; 1 1 1 1 1 1 1 1 -1 -1 -1 -1 -1 -1 -1 -1; 1 1 1 1 1 1 1 1 -1 -1 -1 -1 -1 -1 -1 -1; 1 1 1 1 1 1 1 1 -1 -1 -1 -1 -1 -1 -1 -1; 1 1 1 1 1 1 1 1 -1 -1 -1 -1 -1 -1 -1 -1], [1 1 1 1 -1 -1 1 -1 -1 -1 -1 -1 -1 -1 -1 -1; 1 1 -1 1 1 1 -1 1 1 -1 1 1 -1 -1 1 1; 1 -1 1 -1 -1 1 1 -1 1 1 -1 1 1 -1 1 -1; 1 -1 1 1 -1 -1 -1 1 -1 -1 1 1 -1 -1 1 -1; 1 1 1 -1 1 1 1 -1 1 -1 1 -1 -1 -1 -1 -1; -1 -1 -1 -1 1 1 -1 -1 1 1 -1 -1 1 1 -1 1; -1 -1 -1 1 -1 -1 -1 -1 -1 -1 1 -1 -1 -1 -1 -1; 1 -1 -1 1 1 1 -1 1 1 1 1 1 -1 1 1 1; 1 1 1 -1 1 1 1 -1 -1 -1 1 1 1 1 1 1; 1 -1 -1 -1 -1 1 -1 1 1 1 -1 1 1 1 1 -1; 1 -1 1 -1 1 -1 -1 1 -1 -1 1 -1 1 1 1 -1; -1 1 -1 1 -1 -1 -1 1 -1 -1 -1 -1 1 1 -1 1; -1 1 1 1 1 1 -1 -1 1 1 -1 1 1 1 -1 -1; -1 1 -1 1 1 -1 -1 -1 1 -1 -1 1 -1 1 1 -1; 1 1 -1 1 -1 -1 1 1 -1 1 -1 1 1 -1 -1 1; -1 -1 1 -1 -1 -1 1 -1 -1 1 -1 -1 -1 1 1 1]]
# scaling = 1.0
# iterations = 100
# steps = 3000
# num_agitations = 1
# initial_stimuli = [(1, 1, 1)]
# sim_time = 4
# delta = -0.0013333333333333333

#Note, format for DATA is [conv_256, others_256, twos_256]

#DATA

[
	 [5, 0, 3],
]

#PARAMETERS
# images = [[1 1 1 1 1 1 1 1 1 1 1 1 1 1 1 1; 1 1 1 1 1 1 1 1 1 1 1 1 1 1 1 1; 1 1 1 1 1 1 1 1 1 1 1 1 1 1 1 1; 1 1 1 1 1 1 1 1 1 1 1 1 1 1 1 1; 1 1 1 1 1 1 1 1 1 1 1 1 1 1 1 1; 1 1 1 1 1 1 1 1 1 1 1 1 1 1 1 1; 1 1 1 1 1 1 1 1 1 1 1 1 1 1 1 1; 1 1 1 1 1 1 1 1 1 1 1 1 1 1 1 1; 1 1 1 1 1 1 1 1 1 1 1 1 1 1 1 1; 1 1 1 1 1 1 1 1 1 1 1 1 1 1 1 1; 1 1 1 1 1 1 1 1 1 1 1 1 1 1 1 1; 1 1 1 1 1 1 1 1 1 1 1 1 1 1 1 1; 1 1 1 1 1 1 1 1 1 1 1 1 1 1 1 1; 1 1 1 1 1 1 1 1 1 1 1 1 1 1 1 1; 1 1 1 1 1 1 1 1 1 1 1 1 1 1 1 1; 1 1 1 1 1 1 1 1 1 1 1 1 1 1 1 1], [1 1 1 1 1 1 1 1 -1 -1 -1 -1 -1 -1 -1 -1; 1 1 1 1 1 1 1 1 -1 -1 -1 -1 -1 -1 -1 -1; 1 1 1 1 1 1 1 1 -1 -1 -1 -1 -1 -1 -1 -1; 1 1 1 1 1 1 1 1 -1 -1 -1 -1 -1 -1 -1 -1; 1 1 1 1 1 1 1 1 -1 -1 -1 -1 -1 -1 -1 -1; 1 1 1 1 1 1 1 1 -1 -1 -1 -1 -1 -1 -1 -1; 1 1 1 1 1 1 1 1 -1 -1 -1 -1 -1 -1 -1 -1; 1 1 1 1 1 1 1 1 -1 -1 -1 -1 -1 -1 -1 -1; 1 1 1 1 1 1 1 1 -1 -1 -1 -1 -1 -1 -1 -1; 1 1 1 1 1 1 1 1 -1 -1 -1 -1 -1 -1 -1 -1; 1 1 1 1 1 1 1 1 -1 -1 -1 -1 -1 -1 -1 -1; 1 1 1 1 1 1 1 1 -1 -1 -1 -1 -1 -1 -1 -1; 1 1 1 1 1 1 1 1 -1 -1 -1 -1 -1 -1 -1 -1; 1 1 1 1 1 1 1 1 -1 -1 -1 -1 -1 -1 -1 -1; 1 1 1 1 1 1 1 1 -1 -1 -1 -1 -1 -1 -1 -1; 1 1 1 1 1 1 1 1 -1 -1 -1 -1 -1 -1 -1 -1], [1 1 1 1 -1 -1 1 1 -1 1 -1 1 1 1 -1 -1; 1 1 -1 1 -1 -1 -1 1 1 1 -1 -1 1 -1 1 -1; 1 -1 1 1 -1 1 -1 1 1 1 -1 1 -1 -1 -1 -1; 1 -1 -1 -1 -1 -1 1 -1 -1 1 -1 -1 1 -1 -1 -1; 1 1 -1 -1 -1 -1 1 1 1 1 1 -1 -1 1 1 1; -1 -1 1 1 -1 -1 1 1 -1 -1 1 -1 1 1 1 -1; -1 1 1 1 -1 1 -1 -1 -1 -1 1 -1 1 -1 1 -1; 1 1 -1 -1 -1 1 -1 -1 1 -1 -1 1 -1 1 1 1; 1 1 1 -1 -1 -1 -1 1 1 -1 -1 -1 -1 -1 1 -1; 1 -1 -1 1 1 -1 1 -1 1 -1 1 1 1 -1 -1 -1; -1 -1 -1 1 1 -1 1 1 -1 -1 -1 -1 1 -1 1 1; 1 1 -1 -1 -1 1 -1 1 -1 1 -1 1 1 1 1 1; 1 1 -1 1 -1 -1 -1 -1 1 -1 -1 1 -1 1 -1 1; -1 1 -1 1 1 1 -1 1 1 1 1 -1 -1 -1 1 -1; 1 1 1 1 -1 -1 1 -1 1 1 1 -1 1 -1 -1 -1; 1 1 -1 -1 -1 1 -1 -1 -1 1 1 1 1 1 1 -1]]
# scaling = 1.0
# iterations = 100
# steps = 3000
# num_agitations = 1
# initial_stimuli = [(1, 1, 1)]
# sim_time = 4
# delta = -0.0013333333333333333

#Note, format for DATA is [conv_256, others_256, twos_256]

#DATA

[
	 [5, 0, 5],
]

#PARAMETERS
# images = [[1 1 1 1 1 1 1 1 1 1 1 1 1 1 1 1; 1 1 1 1 1 1 1 1 1 1 1 1 1 1 1 1; 1 1 1 1 1 1 1 1 1 1 1 1 1 1 1 1; 1 1 1 1 1 1 1 1 1 1 1 1 1 1 1 1; 1 1 1 1 1 1 1 1 1 1 1 1 1 1 1 1; 1 1 1 1 1 1 1 1 1 1 1 1 1 1 1 1; 1 1 1 1 1 1 1 1 1 1 1 1 1 1 1 1; 1 1 1 1 1 1 1 1 1 1 1 1 1 1 1 1; 1 1 1 1 1 1 1 1 1 1 1 1 1 1 1 1; 1 1 1 1 1 1 1 1 1 1 1 1 1 1 1 1; 1 1 1 1 1 1 1 1 1 1 1 1 1 1 1 1; 1 1 1 1 1 1 1 1 1 1 1 1 1 1 1 1; 1 1 1 1 1 1 1 1 1 1 1 1 1 1 1 1; 1 1 1 1 1 1 1 1 1 1 1 1 1 1 1 1; 1 1 1 1 1 1 1 1 1 1 1 1 1 1 1 1; 1 1 1 1 1 1 1 1 1 1 1 1 1 1 1 1], [1 1 1 1 1 1 1 1 -1 -1 -1 -1 -1 -1 -1 -1; 1 1 1 1 1 1 1 1 -1 -1 -1 -1 -1 -1 -1 -1; 1 1 1 1 1 1 1 1 -1 -1 -1 -1 -1 -1 -1 -1; 1 1 1 1 1 1 1 1 -1 -1 -1 -1 -1 -1 -1 -1; 1 1 1 1 1 1 1 1 -1 -1 -1 -1 -1 -1 -1 -1; 1 1 1 1 1 1 1 1 -1 -1 -1 -1 -1 -1 -1 -1; 1 1 1 1 1 1 1 1 -1 -1 -1 -1 -1 -1 -1 -1; 1 1 1 1 1 1 1 1 -1 -1 -1 -1 -1 -1 -1 -1; 1 1 1 1 1 1 1 1 -1 -1 -1 -1 -1 -1 -1 -1; 1 1 1 1 1 1 1 1 -1 -1 -1 -1 -1 -1 -1 -1; 1 1 1 1 1 1 1 1 -1 -1 -1 -1 -1 -1 -1 -1; 1 1 1 1 1 1 1 1 -1 -1 -1 -1 -1 -1 -1 -1; 1 1 1 1 1 1 1 1 -1 -1 -1 -1 -1 -1 -1 -1; 1 1 1 1 1 1 1 1 -1 -1 -1 -1 -1 -1 -1 -1; 1 1 1 1 1 1 1 1 -1 -1 -1 -1 -1 -1 -1 -1; 1 1 1 1 1 1 1 1 -1 -1 -1 -1 -1 -1 -1 -1], [-1 -1 1 -1 1 1 1 1 -1 1 1 -1 1 -1 1 1; -1 1 -1 -1 1 1 -1 -1 1 1 -1 -1 1 -1 1 -1; -1 1 -1 -1 1 -1 1 -1 1 -1 1 1 -1 -1 1 -1; -1 -1 -1 1 -1 -1 1 1 -1 1 1 -1 -1 -1 -1 1; 1 -1 1 -1 1 -1 -1 1 1 1 1 -1 1 -1 -1 1; -1 -1 -1 1 1 -1 1 1 1 1 -1 -1 1 -1 1 -1; 1 -1 1 1 -1 -1 1 -1 1 1 -1 1 1 1 -1 1; 1 -1 1 1 1 1 -1 1 -1 1 -1 1 -1 -1 1 1; 1 -1 1 -1 1 -1 -1 1 -1 1 -1 -1 -1 -1 -1 -1; -1 1 -1 -1 -1 1 1 1 1 -1 -1 1 1 1 1 -1; -1 1 -1 1 1 -1 1 -1 1 -1 -1 1 -1 -1 -1 1; 1 -1 -1 1 -1 1 1 1 -1 -1 1 1 1 1 -1 1; -1 1 1 -1 -1 -1 -1 -1 1 -1 1 -1 1 1 -1 -1; -1 -1 1 -1 1 1 -1 1 -1 -1 1 -1 1 -1 -1 -1; -1 1 -1 1 -1 -1 1 1 1 1 1 1 -1 -1 -1 -1; 1 1 -1 1 -1 1 -1 1 -1 1 1 -1 1 -1 1 1]]
# scaling = 1.0
# iterations = 100
# steps = 3000
# num_agitations = 1
# initial_stimuli = [(1, 1, 1)]
# sim_time = 4
# delta = -0.0013333333333333333

#Note, format for DATA is [conv_256, others_256, twos_256]

#DATA

[
	 [5, 0, 5],
]

#PARAMETERS
# images = [[1 1 1 1 1 1 1 1 1 1 1 1 1 1 1 1; 1 1 1 1 1 1 1 1 1 1 1 1 1 1 1 1; 1 1 1 1 1 1 1 1 1 1 1 1 1 1 1 1; 1 1 1 1 1 1 1 1 1 1 1 1 1 1 1 1; 1 1 1 1 1 1 1 1 1 1 1 1 1 1 1 1; 1 1 1 1 1 1 1 1 1 1 1 1 1 1 1 1; 1 1 1 1 1 1 1 1 1 1 1 1 1 1 1 1; 1 1 1 1 1 1 1 1 1 1 1 1 1 1 1 1; 1 1 1 1 1 1 1 1 1 1 1 1 1 1 1 1; 1 1 1 1 1 1 1 1 1 1 1 1 1 1 1 1; 1 1 1 1 1 1 1 1 1 1 1 1 1 1 1 1; 1 1 1 1 1 1 1 1 1 1 1 1 1 1 1 1; 1 1 1 1 1 1 1 1 1 1 1 1 1 1 1 1; 1 1 1 1 1 1 1 1 1 1 1 1 1 1 1 1; 1 1 1 1 1 1 1 1 1 1 1 1 1 1 1 1; 1 1 1 1 1 1 1 1 1 1 1 1 1 1 1 1], [1 1 1 1 1 1 1 1 -1 -1 -1 -1 -1 -1 -1 -1; 1 1 1 1 1 1 1 1 -1 -1 -1 -1 -1 -1 -1 -1; 1 1 1 1 1 1 1 1 -1 -1 -1 -1 -1 -1 -1 -1; 1 1 1 1 1 1 1 1 -1 -1 -1 -1 -1 -1 -1 -1; 1 1 1 1 1 1 1 1 -1 -1 -1 -1 -1 -1 -1 -1; 1 1 1 1 1 1 1 1 -1 -1 -1 -1 -1 -1 -1 -1; 1 1 1 1 1 1 1 1 -1 -1 -1 -1 -1 -1 -1 -1; 1 1 1 1 1 1 1 1 -1 -1 -1 -1 -1 -1 -1 -1; 1 1 1 1 1 1 1 1 -1 -1 -1 -1 -1 -1 -1 -1; 1 1 1 1 1 1 1 1 -1 -1 -1 -1 -1 -1 -1 -1; 1 1 1 1 1 1 1 1 -1 -1 -1 -1 -1 -1 -1 -1; 1 1 1 1 1 1 1 1 -1 -1 -1 -1 -1 -1 -1 -1; 1 1 1 1 1 1 1 1 -1 -1 -1 -1 -1 -1 -1 -1; 1 1 1 1 1 1 1 1 -1 -1 -1 -1 -1 -1 -1 -1; 1 1 1 1 1 1 1 1 -1 -1 -1 -1 -1 -1 -1 -1; 1 1 1 1 1 1 1 1 -1 -1 -1 -1 -1 -1 -1 -1], [1 -1 -1 -1 1 1 1 1 -1 -1 1 1 1 1 -1 1; 1 1 1 -1 -1 -1 -1 -1 -1 1 1 -1 1 1 1 1; 1 -1 1 -1 -1 1 1 -1 1 -1 -1 1 -1 -1 1 1; 1 1 -1 1 1 1 -1 -1 -1 1 1 1 -1 -1 1 -1; -1 -1 -1 -1 -1 -1 -1 1 1 1 1 -1 1 -1 -1 -1; -1 -1 -1 -1 1 -1 -1 1 -1 -1 1 1 1 -1 1 -1; 1 1 1 1 -1 1 -1 1 1 -1 1 1 1 -1 1 1; -1 1 1 1 -1 1 1 1 -1 -1 -1 1 -1 -1 -1 -1; -1 -1 1 1 1 -1 1 1 1 1 1 -1 -1 -1 1 -1; 1 1 1 1 -1 -1 1 -1 1 1 -1 -1 1 1 -1 -1; 1 -1 -1 1 1 -1 -1 -1 1 -1 -1 1 1 -1 1 -1; 1 -1 -1 -1 1 -1 1 1 1 -1 -1 -1 -1 -1 -1 -1; -1 -1 -1 1 -1 1 -1 -1 -1 1 -1 -1 -1 1 -1 -1; -1 -1 -1 -1 1 -1 1 1 -1 1 -1 1 1 -1 1 -1; 1 -1 1 1 1 1 1 1 1 1 1 1 1 1 1 -1; -1 -1 -1 1 1 -1 -1 1 1 -1 -1 -1 1 -1 1 1]]
# scaling = 1.0
# iterations = 100
# steps = 3000
# num_agitations = 1
# initial_stimuli = [(1, 1, 1)]
# sim_time = 4
# delta = -0.0013333333333333333

#Note, format for DATA is [conv_256, others_256, twos_256]

#DATA

[
	 [5, 0, 2],
]

#PARAMETERS
# images = [[1 1 1 1 1 1 1 1 1 1 1 1 1 1 1 1; 1 1 1 1 1 1 1 1 1 1 1 1 1 1 1 1; 1 1 1 1 1 1 1 1 1 1 1 1 1 1 1 1; 1 1 1 1 1 1 1 1 1 1 1 1 1 1 1 1; 1 1 1 1 1 1 1 1 1 1 1 1 1 1 1 1; 1 1 1 1 1 1 1 1 1 1 1 1 1 1 1 1; 1 1 1 1 1 1 1 1 1 1 1 1 1 1 1 1; 1 1 1 1 1 1 1 1 1 1 1 1 1 1 1 1; 1 1 1 1 1 1 1 1 1 1 1 1 1 1 1 1; 1 1 1 1 1 1 1 1 1 1 1 1 1 1 1 1; 1 1 1 1 1 1 1 1 1 1 1 1 1 1 1 1; 1 1 1 1 1 1 1 1 1 1 1 1 1 1 1 1; 1 1 1 1 1 1 1 1 1 1 1 1 1 1 1 1; 1 1 1 1 1 1 1 1 1 1 1 1 1 1 1 1; 1 1 1 1 1 1 1 1 1 1 1 1 1 1 1 1; 1 1 1 1 1 1 1 1 1 1 1 1 1 1 1 1], [1 1 1 1 1 1 1 1 -1 -1 -1 -1 -1 -1 -1 -1; 1 1 1 1 1 1 1 1 -1 -1 -1 -1 -1 -1 -1 -1; 1 1 1 1 1 1 1 1 -1 -1 -1 -1 -1 -1 -1 -1; 1 1 1 1 1 1 1 1 -1 -1 -1 -1 -1 -1 -1 -1; 1 1 1 1 1 1 1 1 -1 -1 -1 -1 -1 -1 -1 -1; 1 1 1 1 1 1 1 1 -1 -1 -1 -1 -1 -1 -1 -1; 1 1 1 1 1 1 1 1 -1 -1 -1 -1 -1 -1 -1 -1; 1 1 1 1 1 1 1 1 -1 -1 -1 -1 -1 -1 -1 -1; 1 1 1 1 1 1 1 1 -1 -1 -1 -1 -1 -1 -1 -1; 1 1 1 1 1 1 1 1 -1 -1 -1 -1 -1 -1 -1 -1; 1 1 1 1 1 1 1 1 -1 -1 -1 -1 -1 -1 -1 -1; 1 1 1 1 1 1 1 1 -1 -1 -1 -1 -1 -1 -1 -1; 1 1 1 1 1 1 1 1 -1 -1 -1 -1 -1 -1 -1 -1; 1 1 1 1 1 1 1 1 -1 -1 -1 -1 -1 -1 -1 -1; 1 1 1 1 1 1 1 1 -1 -1 -1 -1 -1 -1 -1 -1; 1 1 1 1 1 1 1 1 -1 -1 -1 -1 -1 -1 -1 -1], [1 1 1 -1 -1 -1 1 -1 1 1 -1 1 -1 1 1 1; -1 -1 1 -1 1 -1 -1 1 -1 -1 1 1 1 1 1 1; -1 1 -1 1 -1 1 1 -1 1 1 -1 1 1 1 1 -1; -1 -1 1 -1 -1 -1 1 -1 1 -1 -1 -1 -1 1 1 1; 1 1 1 1 1 1 1 -1 -1 1 -1 1 1 -1 -1 -1; 1 -1 -1 1 -1 1 -1 1 1 -1 1 1 -1 1 -1 -1; 1 1 -1 1 -1 -1 -1 1 1 -1 -1 1 -1 -1 -1 1; 1 -1 1 1 -1 -1 1 1 -1 1 -1 -1 1 -1 -1 -1; -1 1 1 1 1 1 1 1 1 -1 1 -1 -1 1 -1 -1; 1 -1 -1 -1 -1 -1 -1 -1 1 -1 1 -1 1 1 -1 1; -1 1 1 1 -1 1 -1 -1 -1 1 -1 -1 1 1 -1 -1; -1 -1 1 1 1 -1 -1 1 1 1 1 -1 1 -1 -1 1; 1 1 1 -1 -1 1 -1 -1 1 -1 1 -1 -1 1 -1 1; -1 -1 -1 -1 1 -1 1 1 1 -1 1 -1 -1 -1 1 -1; -1 -1 -1 -1 1 1 1 -1 1 -1 1 -1 1 -1 1 -1; -1 1 -1 1 -1 1 1 1 -1 -1 1 1 -1 1 -1 -1]]
# scaling = 1.0
# iterations = 100
# steps = 3000
# num_agitations = 1
# initial_stimuli = [(1, 1, 1)]
# sim_time = 4
# delta = -0.0013333333333333333

#Note, format for DATA is [conv_256, others_256, twos_256]

#DATA

[
	 [5, 0, 5],
]

#PARAMETERS
# images = [[1 1 1 1 1 1 1 1 1 1 1 1 1 1 1 1; 1 1 1 1 1 1 1 1 1 1 1 1 1 1 1 1; 1 1 1 1 1 1 1 1 1 1 1 1 1 1 1 1; 1 1 1 1 1 1 1 1 1 1 1 1 1 1 1 1; 1 1 1 1 1 1 1 1 1 1 1 1 1 1 1 1; 1 1 1 1 1 1 1 1 1 1 1 1 1 1 1 1; 1 1 1 1 1 1 1 1 1 1 1 1 1 1 1 1; 1 1 1 1 1 1 1 1 1 1 1 1 1 1 1 1; 1 1 1 1 1 1 1 1 1 1 1 1 1 1 1 1; 1 1 1 1 1 1 1 1 1 1 1 1 1 1 1 1; 1 1 1 1 1 1 1 1 1 1 1 1 1 1 1 1; 1 1 1 1 1 1 1 1 1 1 1 1 1 1 1 1; 1 1 1 1 1 1 1 1 1 1 1 1 1 1 1 1; 1 1 1 1 1 1 1 1 1 1 1 1 1 1 1 1; 1 1 1 1 1 1 1 1 1 1 1 1 1 1 1 1; 1 1 1 1 1 1 1 1 1 1 1 1 1 1 1 1], [1 1 1 1 1 1 1 1 -1 -1 -1 -1 -1 -1 -1 -1; 1 1 1 1 1 1 1 1 -1 -1 -1 -1 -1 -1 -1 -1; 1 1 1 1 1 1 1 1 -1 -1 -1 -1 -1 -1 -1 -1; 1 1 1 1 1 1 1 1 -1 -1 -1 -1 -1 -1 -1 -1; 1 1 1 1 1 1 1 1 -1 -1 -1 -1 -1 -1 -1 -1; 1 1 1 1 1 1 1 1 -1 -1 -1 -1 -1 -1 -1 -1; 1 1 1 1 1 1 1 1 -1 -1 -1 -1 -1 -1 -1 -1; 1 1 1 1 1 1 1 1 -1 -1 -1 -1 -1 -1 -1 -1; 1 1 1 1 1 1 1 1 -1 -1 -1 -1 -1 -1 -1 -1; 1 1 1 1 1 1 1 1 -1 -1 -1 -1 -1 -1 -1 -1; 1 1 1 1 1 1 1 1 -1 -1 -1 -1 -1 -1 -1 -1; 1 1 1 1 1 1 1 1 -1 -1 -1 -1 -1 -1 -1 -1; 1 1 1 1 1 1 1 1 -1 -1 -1 -1 -1 -1 -1 -1; 1 1 1 1 1 1 1 1 -1 -1 -1 -1 -1 -1 -1 -1; 1 1 1 1 1 1 1 1 -1 -1 -1 -1 -1 -1 -1 -1; 1 1 1 1 1 1 1 1 -1 -1 -1 -1 -1 -1 -1 -1], [1 -1 -1 -1 -1 -1 1 -1 1 -1 1 -1 1 1 1 1; 1 -1 1 -1 -1 1 1 1 -1 -1 -1 1 -1 -1 -1 -1; -1 -1 1 1 1 -1 1 -1 -1 -1 1 -1 -1 -1 1 1; 1 1 -1 1 1 -1 1 1 -1 -1 1 1 -1 1 1 1; -1 1 -1 1 -1 1 -1 -1 -1 -1 -1 1 -1 1 1 1; -1 -1 -1 1 1 1 1 -1 1 1 1 1 -1 -1 1 -1; -1 1 -1 1 1 -1 1 -1 -1 1 -1 -1 1 1 -1 1; 1 1 -1 1 -1 -1 -1 1 -1 1 1 1 1 1 1 -1; 1 -1 -1 -1 1 1 1 1 -1 -1 1 -1 1 -1 1 1; 1 -1 -1 1 1 1 1 -1 1 -1 -1 1 -1 -1 1 1; -1 -1 1 1 1 -1 -1 1 -1 -1 -1 1 -1 1 1 -1; 1 1 1 -1 1 -1 -1 1 -1 -1 1 1 -1 -1 1 -1; -1 1 -1 1 -1 1 -1 1 1 1 1 1 -1 -1 1 1; -1 -1 1 -1 -1 -1 -1 -1 -1 -1 1 -1 -1 -1 -1 -1; -1 1 -1 1 -1 1 1 1 1 -1 1 -1 1 1 1 1; -1 -1 -1 1 1 -1 -1 1 -1 -1 -1 1 -1 -1 1 1]]
# scaling = 1.0
# iterations = 100
# steps = 3000
# num_agitations = 1
# initial_stimuli = [(1, 1, 1)]
# sim_time = 4
# delta = -0.0013333333333333333

#Note, format for DATA is [conv_256, others_256, twos_256]

#DATA

[
	 [5, 0, 2],
]

#PARAMETERS
# images = [[1 1 1 1 1 1 1 1 1 1 1 1 1 1 1 1; 1 1 1 1 1 1 1 1 1 1 1 1 1 1 1 1; 1 1 1 1 1 1 1 1 1 1 1 1 1 1 1 1; 1 1 1 1 1 1 1 1 1 1 1 1 1 1 1 1; 1 1 1 1 1 1 1 1 1 1 1 1 1 1 1 1; 1 1 1 1 1 1 1 1 1 1 1 1 1 1 1 1; 1 1 1 1 1 1 1 1 1 1 1 1 1 1 1 1; 1 1 1 1 1 1 1 1 1 1 1 1 1 1 1 1; 1 1 1 1 1 1 1 1 1 1 1 1 1 1 1 1; 1 1 1 1 1 1 1 1 1 1 1 1 1 1 1 1; 1 1 1 1 1 1 1 1 1 1 1 1 1 1 1 1; 1 1 1 1 1 1 1 1 1 1 1 1 1 1 1 1; 1 1 1 1 1 1 1 1 1 1 1 1 1 1 1 1; 1 1 1 1 1 1 1 1 1 1 1 1 1 1 1 1; 1 1 1 1 1 1 1 1 1 1 1 1 1 1 1 1; 1 1 1 1 1 1 1 1 1 1 1 1 1 1 1 1], [1 1 1 1 1 1 1 1 -1 -1 -1 -1 -1 -1 -1 -1; 1 1 1 1 1 1 1 1 -1 -1 -1 -1 -1 -1 -1 -1; 1 1 1 1 1 1 1 1 -1 -1 -1 -1 -1 -1 -1 -1; 1 1 1 1 1 1 1 1 -1 -1 -1 -1 -1 -1 -1 -1; 1 1 1 1 1 1 1 1 -1 -1 -1 -1 -1 -1 -1 -1; 1 1 1 1 1 1 1 1 -1 -1 -1 -1 -1 -1 -1 -1; 1 1 1 1 1 1 1 1 -1 -1 -1 -1 -1 -1 -1 -1; 1 1 1 1 1 1 1 1 -1 -1 -1 -1 -1 -1 -1 -1; 1 1 1 1 1 1 1 1 -1 -1 -1 -1 -1 -1 -1 -1; 1 1 1 1 1 1 1 1 -1 -1 -1 -1 -1 -1 -1 -1; 1 1 1 1 1 1 1 1 -1 -1 -1 -1 -1 -1 -1 -1; 1 1 1 1 1 1 1 1 -1 -1 -1 -1 -1 -1 -1 -1; 1 1 1 1 1 1 1 1 -1 -1 -1 -1 -1 -1 -1 -1; 1 1 1 1 1 1 1 1 -1 -1 -1 -1 -1 -1 -1 -1; 1 1 1 1 1 1 1 1 -1 -1 -1 -1 -1 -1 -1 -1; 1 1 1 1 1 1 1 1 -1 -1 -1 -1 -1 -1 -1 -1], [1 1 -1 1 1 1 1 -1 -1 1 1 1 1 -1 -1 1; -1 -1 -1 1 1 1 1 -1 1 1 -1 1 1 -1 -1 -1; -1 1 1 1 1 -1 -1 -1 1 -1 -1 -1 1 -1 1 1; 1 1 -1 -1 1 -1 1 -1 -1 -1 -1 -1 1 -1 -1 -1; -1 -1 1 -1 1 1 1 -1 1 1 1 -1 1 -1 -1 1; -1 1 -1 1 1 1 -1 -1 1 -1 1 1 -1 -1 -1 1; 1 -1 -1 -1 1 -1 -1 1 -1 1 1 -1 -1 1 -1 1; 1 -1 -1 -1 1 -1 -1 -1 -1 1 -1 -1 -1 1 -1 -1; -1 -1 -1 -1 1 1 -1 1 -1 -1 1 -1 -1 -1 -1 1; 1 1 -1 1 1 -1 1 -1 1 1 1 1 1 -1 1 1; 1 -1 1 1 -1 -1 1 1 1 1 1 1 1 1 1 1; -1 -1 1 -1 1 1 1 1 1 1 -1 1 -1 1 -1 -1; 1 1 1 1 -1 -1 -1 -1 1 1 1 1 -1 -1 -1 1; -1 -1 -1 -1 1 1 1 -1 -1 -1 1 -1 -1 1 1 1; 1 -1 1 -1 -1 1 -1 1 -1 -1 1 -1 -1 1 -1 -1; -1 -1 1 -1 1 1 -1 1 -1 1 1 -1 -1 1 -1 -1]]
# scaling = 1.0
# iterations = 100
# steps = 3000
# num_agitations = 1
# initial_stimuli = [(1, 1, 1)]
# sim_time = 4
# delta = -0.0013333333333333333

#Note, format for DATA is [conv_256, others_256, twos_256]

#DATA

[
	 [5, 0, 1],
]

#PARAMETERS
# images = [[1 1 1 1 1 1 1 1 1 1 1 1 1 1 1 1; 1 1 1 1 1 1 1 1 1 1 1 1 1 1 1 1; 1 1 1 1 1 1 1 1 1 1 1 1 1 1 1 1; 1 1 1 1 1 1 1 1 1 1 1 1 1 1 1 1; 1 1 1 1 1 1 1 1 1 1 1 1 1 1 1 1; 1 1 1 1 1 1 1 1 1 1 1 1 1 1 1 1; 1 1 1 1 1 1 1 1 1 1 1 1 1 1 1 1; 1 1 1 1 1 1 1 1 1 1 1 1 1 1 1 1; 1 1 1 1 1 1 1 1 1 1 1 1 1 1 1 1; 1 1 1 1 1 1 1 1 1 1 1 1 1 1 1 1; 1 1 1 1 1 1 1 1 1 1 1 1 1 1 1 1; 1 1 1 1 1 1 1 1 1 1 1 1 1 1 1 1; 1 1 1 1 1 1 1 1 1 1 1 1 1 1 1 1; 1 1 1 1 1 1 1 1 1 1 1 1 1 1 1 1; 1 1 1 1 1 1 1 1 1 1 1 1 1 1 1 1; 1 1 1 1 1 1 1 1 1 1 1 1 1 1 1 1], [1 1 1 1 1 1 1 1 -1 -1 -1 -1 -1 -1 -1 -1; 1 1 1 1 1 1 1 1 -1 -1 -1 -1 -1 -1 -1 -1; 1 1 1 1 1 1 1 1 -1 -1 -1 -1 -1 -1 -1 -1; 1 1 1 1 1 1 1 1 -1 -1 -1 -1 -1 -1 -1 -1; 1 1 1 1 1 1 1 1 -1 -1 -1 -1 -1 -1 -1 -1; 1 1 1 1 1 1 1 1 -1 -1 -1 -1 -1 -1 -1 -1; 1 1 1 1 1 1 1 1 -1 -1 -1 -1 -1 -1 -1 -1; 1 1 1 1 1 1 1 1 -1 -1 -1 -1 -1 -1 -1 -1; 1 1 1 1 1 1 1 1 -1 -1 -1 -1 -1 -1 -1 -1; 1 1 1 1 1 1 1 1 -1 -1 -1 -1 -1 -1 -1 -1; 1 1 1 1 1 1 1 1 -1 -1 -1 -1 -1 -1 -1 -1; 1 1 1 1 1 1 1 1 -1 -1 -1 -1 -1 -1 -1 -1; 1 1 1 1 1 1 1 1 -1 -1 -1 -1 -1 -1 -1 -1; 1 1 1 1 1 1 1 1 -1 -1 -1 -1 -1 -1 -1 -1; 1 1 1 1 1 1 1 1 -1 -1 -1 -1 -1 -1 -1 -1; 1 1 1 1 1 1 1 1 -1 -1 -1 -1 -1 -1 -1 -1], [1 -1 -1 1 1 1 -1 1 1 1 -1 -1 1 1 1 1; -1 -1 -1 -1 1 -1 -1 1 1 1 1 -1 1 -1 1 -1; -1 -1 -1 -1 1 1 1 1 1 1 -1 1 -1 1 1 -1; 1 1 1 1 1 -1 -1 1 -1 1 1 1 -1 1 1 -1; -1 -1 -1 1 1 -1 1 -1 1 1 -1 1 -1 -1 -1 1; -1 -1 -1 1 -1 1 -1 -1 1 1 -1 1 1 1 1 -1; -1 1 -1 -1 1 -1 -1 -1 -1 1 -1 -1 -1 -1 -1 1; 1 1 1 -1 -1 1 -1 -1 -1 -1 -1 -1 -1 -1 -1 -1; -1 -1 1 1 -1 1 1 -1 1 1 -1 -1 1 1 1 -1; -1 1 -1 -1 1 -1 1 -1 1 -1 -1 1 1 1 1 -1; -1 1 -1 -1 1 1 -1 -1 -1 -1 1 -1 1 -1 1 1; -1 1 1 -1 -1 1 1 1 -1 1 -1 -1 1 -1 1 -1; 1 1 -1 1 1 -1 1 1 -1 -1 -1 -1 1 -1 1 -1; 1 -1 1 1 1 -1 1 -1 1 -1 -1 -1 -1 -1 -1 1; 1 -1 -1 1 1 1 1 -1 1 1 1 1 1 1 1 -1; 1 -1 1 1 1 -1 -1 1 -1 1 -1 1 1 -1 -1 -1]]
# scaling = 1.0
# iterations = 100
# steps = 3000
# num_agitations = 1
# initial_stimuli = [(1, 1, 1)]
# sim_time = 4
# delta = -0.0013333333333333333

#Note, format for DATA is [conv_256, others_256, twos_256]

#DATA

[
	 [5, 0, 3],
]

#PARAMETERS
# images = [[1 1 1 1 1 1 1 1 1 1 1 1 1 1 1 1; 1 1 1 1 1 1 1 1 1 1 1 1 1 1 1 1; 1 1 1 1 1 1 1 1 1 1 1 1 1 1 1 1; 1 1 1 1 1 1 1 1 1 1 1 1 1 1 1 1; 1 1 1 1 1 1 1 1 1 1 1 1 1 1 1 1; 1 1 1 1 1 1 1 1 1 1 1 1 1 1 1 1; 1 1 1 1 1 1 1 1 1 1 1 1 1 1 1 1; 1 1 1 1 1 1 1 1 1 1 1 1 1 1 1 1; 1 1 1 1 1 1 1 1 1 1 1 1 1 1 1 1; 1 1 1 1 1 1 1 1 1 1 1 1 1 1 1 1; 1 1 1 1 1 1 1 1 1 1 1 1 1 1 1 1; 1 1 1 1 1 1 1 1 1 1 1 1 1 1 1 1; 1 1 1 1 1 1 1 1 1 1 1 1 1 1 1 1; 1 1 1 1 1 1 1 1 1 1 1 1 1 1 1 1; 1 1 1 1 1 1 1 1 1 1 1 1 1 1 1 1; 1 1 1 1 1 1 1 1 1 1 1 1 1 1 1 1], [1 1 1 1 1 1 1 1 -1 -1 -1 -1 -1 -1 -1 -1; 1 1 1 1 1 1 1 1 -1 -1 -1 -1 -1 -1 -1 -1; 1 1 1 1 1 1 1 1 -1 -1 -1 -1 -1 -1 -1 -1; 1 1 1 1 1 1 1 1 -1 -1 -1 -1 -1 -1 -1 -1; 1 1 1 1 1 1 1 1 -1 -1 -1 -1 -1 -1 -1 -1; 1 1 1 1 1 1 1 1 -1 -1 -1 -1 -1 -1 -1 -1; 1 1 1 1 1 1 1 1 -1 -1 -1 -1 -1 -1 -1 -1; 1 1 1 1 1 1 1 1 -1 -1 -1 -1 -1 -1 -1 -1; 1 1 1 1 1 1 1 1 -1 -1 -1 -1 -1 -1 -1 -1; 1 1 1 1 1 1 1 1 -1 -1 -1 -1 -1 -1 -1 -1; 1 1 1 1 1 1 1 1 -1 -1 -1 -1 -1 -1 -1 -1; 1 1 1 1 1 1 1 1 -1 -1 -1 -1 -1 -1 -1 -1; 1 1 1 1 1 1 1 1 -1 -1 -1 -1 -1 -1 -1 -1; 1 1 1 1 1 1 1 1 -1 -1 -1 -1 -1 -1 -1 -1; 1 1 1 1 1 1 1 1 -1 -1 -1 -1 -1 -1 -1 -1; 1 1 1 1 1 1 1 1 -1 -1 -1 -1 -1 -1 -1 -1], [1 -1 -1 -1 -1 1 1 -1 -1 1 -1 -1 1 1 1 1; -1 1 1 -1 1 -1 -1 -1 -1 1 -1 1 1 1 -1 1; 1 -1 1 -1 -1 -1 1 -1 1 -1 1 1 1 1 1 -1; -1 -1 -1 1 1 -1 1 1 1 1 -1 -1 1 -1 1 -1; -1 1 1 1 1 1 1 -1 -1 1 -1 -1 1 1 -1 -1; 1 1 -1 1 -1 1 1 1 1 -1 -1 1 1 1 -1 1; -1 -1 -1 1 1 -1 1 1 -1 1 -1 -1 -1 -1 -1 1; 1 1 -1 1 1 -1 -1 -1 1 -1 -1 -1 1 -1 1 -1; -1 1 1 1 1 1 -1 -1 -1 1 1 -1 1 1 1 -1; -1 1 1 -1 1 -1 -1 1 -1 1 -1 1 1 -1 1 -1; 1 1 1 -1 -1 -1 -1 1 -1 1 1 -1 1 -1 -1 1; 1 1 1 -1 1 -1 -1 1 -1 1 -1 -1 1 1 -1 -1; -1 -1 -1 1 -1 -1 -1 -1 -1 1 -1 -1 1 1 1 1; 1 -1 -1 1 1 1 -1 1 1 -1 1 -1 -1 1 -1 1; -1 1 -1 -1 1 1 -1 -1 1 -1 -1 1 -1 -1 -1 -1; -1 1 -1 1 1 -1 -1 1 1 -1 -1 -1 1 1 1 -1]]
# scaling = 1.0
# iterations = 100
# steps = 3000
# num_agitations = 1
# initial_stimuli = [(1, 1, 1)]
# sim_time = 4
# delta = -0.0013333333333333333

#Note, format for DATA is [conv_256, others_256, twos_256]

#DATA

[
	 [5, 0, 5],
]

