#PARAMETERS
# images = [[1 1 1 1 1 1 1 1; -1 -1 -1 -1 -1 -1 -1 -1; 1 1 1 1 1 1 1 1; -1 -1 -1 -1 -1 -1 -1 -1; -1 -1 -1 -1 -1 -1 -1 -1; 1 1 1 1 1 1 1 1; -1 -1 -1 -1 -1 -1 -1 -1; 1 1 1 1 1 1 1 1], [1 1 -1 -1 -1 -1 1 1; 1 1 -1 -1 -1 -1 1 1; 1 1 -1 -1 -1 -1 1 1; 1 1 -1 -1 -1 -1 1 1; -1 -1 1 1 1 1 -1 -1; -1 -1 1 1 1 1 -1 -1; -1 -1 1 1 1 1 -1 -1; -1 -1 1 1 1 1 -1 -1], [1 -1 1 -1 1 -1 1 -1; 1 -1 1 -1 1 -1 1 -1; 1 -1 1 -1 1 -1 1 -1; 1 -1 1 -1 1 -1 1 -1; 1 -1 1 -1 1 -1 1 -1; 1 -1 1 -1 1 -1 1 -1; 1 -1 1 -1 1 -1 1 -1; 1 -1 1 -1 1 -1 1 -1], [1 1 -1 -1 1 1 -1 -1; 1 1 -1 -1 1 1 -1 -1; -1 -1 1 1 -1 -1 1 1; -1 -1 1 1 -1 -1 1 1; 1 1 -1 -1 1 1 -1 -1; 1 1 -1 -1 1 1 -1 -1; -1 -1 1 1 -1 -1 1 1; -1 -1 1 1 -1 -1 1 1], [1 -1 1 -1 1 -1 1 -1; -1 1 -1 1 -1 1 -1 1; -1 1 -1 1 -1 1 -1 1; 1 -1 1 -1 1 -1 1 -1; 1 -1 1 -1 1 -1 1 -1; -1 1 -1 1 -1 1 -1 1; -1 1 -1 1 -1 1 -1 1; 1 -1 1 -1 1 -1 1 -1]]
# scaling = 1.0
# iterations = 100
# steps = 3000
# num_agitations = 1
# initial_stimuli = [(1, 1, 1)]
# sim_time = 4
# delta = -0.0013333333333333333

#Note, format for DATA is [conv_16, image_count, multiple_16]

#DATA

[
	 [1.0, 1, 0.0],
	 [1.0, 2, 0.96],
	 [1.0, 3, 0.89],
	 [1.0, 4, 0.94],
	 [0.99, 5, 0.85],
]

