#PARAMETERS
# images = [[1 1 -1 -1 -1 -1 1 1; 1 1 -1 -1 -1 -1 1 1; 1 1 -1 -1 -1 -1 1 1; 1 1 -1 -1 -1 -1 1 1; -1 -1 1 1 1 1 -1 -1; -1 -1 1 1 1 1 -1 -1; -1 -1 1 1 1 1 -1 -1; -1 -1 1 1 1 1 -1 -1], [1 1 -1 -1 1 1 -1 -1; -1 -1 1 1 -1 -1 1 1; -1 -1 1 1 -1 -1 1 1; 1 1 -1 -1 1 1 -1 -1; 1 1 -1 -1 1 1 -1 -1; -1 -1 1 1 -1 -1 1 1; -1 -1 1 1 -1 -1 1 1; 1 1 -1 -1 1 1 -1 -1], [1 1 1 1 -1 -1 -1 -1; 1 1 1 1 -1 -1 -1 -1; 1 1 1 1 -1 -1 -1 -1; 1 1 1 1 -1 -1 -1 -1; -1 -1 -1 -1 1 1 1 1; -1 -1 -1 -1 1 1 1 1; -1 -1 -1 -1 1 1 1 1; -1 -1 -1 -1 1 1 1 1], [1 1 -1 -1 1 1 -1 -1; -1 -1 1 1 -1 -1 1 1; 1 1 -1 -1 1 1 -1 -1; -1 -1 1 1 -1 -1 1 1; -1 -1 1 1 -1 -1 1 1; 1 1 -1 -1 1 1 -1 -1; -1 -1 1 1 -1 -1 1 1; 1 1 -1 -1 1 1 -1 -1], [1 -1 -1 1 1 -1 -1 1; -1 1 1 -1 -1 1 1 -1; 1 -1 -1 1 1 -1 -1 1; -1 1 1 -1 -1 1 1 -1; 1 -1 -1 1 1 -1 -1 1; -1 1 1 -1 -1 1 1 -1; 1 -1 -1 1 1 -1 -1 1; -1 1 1 -1 -1 1 1 -1]]
# scaling = 1.0
# iterations = 100
# steps = 3000
# num_agitations = 1
# initial_stimuli = [(1, 1, 1)]
# sim_time = 4
# delta = -0.0013333333333333333

#Note, format for DATA is [conv_64, image_count]

#DATA

[
	 [1.0, 1],
	 [1.0, 2],
	 [1.0, 3],
	 [0.8, 4],
	 [1.0, 5],
]

