#PARAMETERS
# images = [[1 1 -1 -1 1 1 -1 -1; 1 1 -1 -1 1 1 -1 -1; 1 1 -1 -1 1 1 -1 -1; 1 1 -1 -1 1 1 -1 -1; -1 -1 1 1 -1 -1 1 1; -1 -1 1 1 -1 -1 1 1; -1 -1 1 1 -1 -1 1 1; -1 -1 1 1 -1 -1 1 1], [1 1 1 1 1 1 1 1; -1 -1 -1 -1 -1 -1 -1 -1; -1 -1 -1 -1 -1 -1 -1 -1; 1 1 1 1 1 1 1 1; 1 1 1 1 1 1 1 1; -1 -1 -1 -1 -1 -1 -1 -1; -1 -1 -1 -1 -1 -1 -1 -1; 1 1 1 1 1 1 1 1], [1 -1 1 -1 -1 1 -1 1; 1 -1 1 -1 -1 1 -1 1; 1 -1 1 -1 -1 1 -1 1; 1 -1 1 -1 -1 1 -1 1; -1 1 -1 1 1 -1 1 -1; -1 1 -1 1 1 -1 1 -1; -1 1 -1 1 1 -1 1 -1; -1 1 -1 1 1 -1 1 -1], [1 1 1 1 1 1 1 1; -1 -1 -1 -1 -1 -1 -1 -1; 1 1 1 1 1 1 1 1; -1 -1 -1 -1 -1 -1 -1 -1; 1 1 1 1 1 1 1 1; -1 -1 -1 -1 -1 -1 -1 -1; 1 1 1 1 1 1 1 1; -1 -1 -1 -1 -1 -1 -1 -1], [1 1 1 1 -1 -1 -1 -1; -1 -1 -1 -1 1 1 1 1; -1 -1 -1 -1 1 1 1 1; 1 1 1 1 -1 -1 -1 -1; 1 1 1 1 -1 -1 -1 -1; -1 -1 -1 -1 1 1 1 1; -1 -1 -1 -1 1 1 1 1; 1 1 1 1 -1 -1 -1 -1], [1 -1 1 -1 1 -1 1 -1; -1 1 -1 1 -1 1 -1 1; -1 1 -1 1 -1 1 -1 1; 1 -1 1 -1 1 -1 1 -1; 1 -1 1 -1 1 -1 1 -1; -1 1 -1 1 -1 1 -1 1; -1 1 -1 1 -1 1 -1 1; 1 -1 1 -1 1 -1 1 -1], [1 1 -1 -1 1 1 -1 -1; 1 1 -1 -1 1 1 -1 -1; -1 -1 1 1 -1 -1 1 1; -1 -1 1 1 -1 -1 1 1; -1 -1 1 1 -1 -1 1 1; -1 -1 1 1 -1 -1 1 1; 1 1 -1 -1 1 1 -1 -1; 1 1 -1 -1 1 1 -1 -1], [1 -1 -1 1 1 -1 -1 1; -1 1 1 -1 -1 1 1 -1; 1 -1 -1 1 1 -1 -1 1; -1 1 1 -1 -1 1 1 -1; -1 1 1 -1 -1 1 1 -1; 1 -1 -1 1 1 -1 -1 1; -1 1 1 -1 -1 1 1 -1; 1 -1 -1 1 1 -1 -1 1], [1 -1 1 -1 -1 1 -1 1; -1 1 -1 1 1 -1 1 -1; -1 1 -1 1 1 -1 1 -1; 1 -1 1 -1 -1 1 -1 1; -1 1 -1 1 1 -1 1 -1; 1 -1 1 -1 -1 1 -1 1; 1 -1 1 -1 -1 1 -1 1; -1 1 -1 1 1 -1 1 -1], [1 -1 -1 1 -1 1 1 -1; 1 -1 -1 1 -1 1 1 -1; 1 -1 -1 1 -1 1 1 -1; 1 -1 -1 1 -1 1 1 -1; -1 1 1 -1 1 -1 -1 1; -1 1 1 -1 1 -1 -1 1; -1 1 1 -1 1 -1 -1 1; -1 1 1 -1 1 -1 -1 1], [1 1 -1 -1 1 1 -1 -1; -1 -1 1 1 -1 -1 1 1; -1 -1 1 1 -1 -1 1 1; 1 1 -1 -1 1 1 -1 -1; -1 -1 1 1 -1 -1 1 1; 1 1 -1 -1 1 1 -1 -1; 1 1 -1 -1 1 1 -1 -1; -1 -1 1 1 -1 -1 1 1], [1 -1 1 -1 -1 1 -1 1; -1 1 -1 1 1 -1 1 -1; -1 1 -1 1 1 -1 1 -1; 1 -1 1 -1 -1 1 -1 1; 1 -1 1 -1 -1 1 -1 1; -1 1 -1 1 1 -1 1 -1; -1 1 -1 1 1 -1 1 -1; 1 -1 1 -1 -1 1 -1 1], [1 1 1 1 -1 -1 -1 -1; 1 1 1 1 -1 -1 -1 -1; 1 1 1 1 -1 -1 -1 -1; 1 1 1 1 -1 -1 -1 -1; 1 1 1 1 -1 -1 -1 -1; 1 1 1 1 -1 -1 -1 -1; 1 1 1 1 -1 -1 -1 -1; 1 1 1 1 -1 -1 -1 -1], [1 -1 1 -1 1 -1 1 -1; 1 -1 1 -1 1 -1 1 -1; -1 1 -1 1 -1 1 -1 1; -1 1 -1 1 -1 1 -1 1; 1 -1 1 -1 1 -1 1 -1; 1 -1 1 -1 1 -1 1 -1; -1 1 -1 1 -1 1 -1 1; -1 1 -1 1 -1 1 -1 1], [1 -1 -1 1 -1 1 1 -1; -1 1 1 -1 1 -1 -1 1; -1 1 1 -1 1 -1 -1 1; 1 -1 -1 1 -1 1 1 -1; -1 1 1 -1 1 -1 -1 1; 1 -1 -1 1 -1 1 1 -1; 1 -1 -1 1 -1 1 1 -1; -1 1 1 -1 1 -1 -1 1], [1 1 -1 -1 -1 -1 1 1; 1 1 -1 -1 -1 -1 1 1; -1 -1 1 1 1 1 -1 -1; -1 -1 1 1 1 1 -1 -1; 1 1 -1 -1 -1 -1 1 1; 1 1 -1 -1 -1 -1 1 1; -1 -1 1 1 1 1 -1 -1; -1 -1 1 1 1 1 -1 -1], [1 -1 1 -1 -1 1 -1 1; 1 -1 1 -1 -1 1 -1 1; -1 1 -1 1 1 -1 1 -1; -1 1 -1 1 1 -1 1 -1; -1 1 -1 1 1 -1 1 -1; -1 1 -1 1 1 -1 1 -1; 1 -1 1 -1 -1 1 -1 1; 1 -1 1 -1 -1 1 -1 1], [1 1 1 1 -1 -1 -1 -1; -1 -1 -1 -1 1 1 1 1; 1 1 1 1 -1 -1 -1 -1; -1 -1 -1 -1 1 1 1 1; -1 -1 -1 -1 1 1 1 1; 1 1 1 1 -1 -1 -1 -1; -1 -1 -1 -1 1 1 1 1; 1 1 1 1 -1 -1 -1 -1], [1 -1 -1 1 1 -1 -1 1; -1 1 1 -1 -1 1 1 -1; 1 -1 -1 1 1 -1 -1 1; -1 1 1 -1 -1 1 1 -1; 1 -1 -1 1 1 -1 -1 1; -1 1 1 -1 -1 1 1 -1; 1 -1 -1 1 1 -1 -1 1; -1 1 1 -1 -1 1 1 -1], [1 1 -1 -1 -1 -1 1 1; 1 1 -1 -1 -1 -1 1 1; 1 1 -1 -1 -1 -1 1 1; 1 1 -1 -1 -1 -1 1 1; 1 1 -1 -1 -1 -1 1 1; 1 1 -1 -1 -1 -1 1 1; 1 1 -1 -1 -1 -1 1 1; 1 1 -1 -1 -1 -1 1 1]]
# scaling = 1.0
# iterations = 100
# steps = 3000
# num_agitations = 1
# initial_stimuli = [(1, 1, 1)]
# sim_time = 4
# delta = -0.0013333333333333333

#Note, format for DATA is [conv_16, image_count, multiple_16]

#DATA

[
	 [1.0, 1, 0.0],
	 [1.0, 2, 0.916],
	 [1.0, 3, 0.912],
	 [0.998, 4, 0.912],
	 [0.995, 5, 0.917],
	 [0.99, 6, 0.855],
	 [0.986, 7, 0.715],
	 [0.954, 8, 0.617],
	 [0.912, 9, 0.478],
	 [0.808, 10, 0.335],
	 [0.718, 11, 0.234],
	 [0.589, 12, 0.158],
	 [0.476, 13, 0.122],
	 [0.409, 14, 0.096],
	 [0.336, 15, 0.082],
	 [0.28, 16, 0.052],
	 [0.204, 17, 0.039],
	 [0.195, 18, 0.027],
	 [0.161, 19, 0.022],
	 [0.133, 20, 0.019],
]

