#PARAMETERS
# images = [[1 -1 -1 1 1 -1 -1 1; 1 -1 -1 1 1 -1 -1 1; 1 -1 -1 1 1 -1 -1 1; 1 -1 -1 1 1 -1 -1 1; 1 -1 -1 1 1 -1 -1 1; 1 -1 -1 1 1 -1 -1 1; 1 -1 -1 1 1 -1 -1 1; 1 -1 -1 1 1 -1 -1 1], [1 -1 -1 1 1 -1 -1 1; -1 1 1 -1 -1 1 1 -1; 1 -1 -1 1 1 -1 -1 1; -1 1 1 -1 -1 1 1 -1; -1 1 1 -1 -1 1 1 -1; 1 -1 -1 1 1 -1 -1 1; -1 1 1 -1 -1 1 1 -1; 1 -1 -1 1 1 -1 -1 1], [1 -1 -1 1 -1 1 1 -1; -1 1 1 -1 1 -1 -1 1; -1 1 1 -1 1 -1 -1 1; 1 -1 -1 1 -1 1 1 -1; 1 -1 -1 1 -1 1 1 -1; -1 1 1 -1 1 -1 -1 1; -1 1 1 -1 1 -1 -1 1; 1 -1 -1 1 -1 1 1 -1], [1 1 1 1 1 1 1 1; 1 1 1 1 1 1 1 1; -1 -1 -1 -1 -1 -1 -1 -1; -1 -1 -1 -1 -1 -1 -1 -1; -1 -1 -1 -1 -1 -1 -1 -1; -1 -1 -1 -1 -1 -1 -1 -1; 1 1 1 1 1 1 1 1; 1 1 1 1 1 1 1 1], [1 1 1 1 1 1 1 1; -1 -1 -1 -1 -1 -1 -1 -1; 1 1 1 1 1 1 1 1; -1 -1 -1 -1 -1 -1 -1 -1; -1 -1 -1 -1 -1 -1 -1 -1; 1 1 1 1 1 1 1 1; -1 -1 -1 -1 -1 -1 -1 -1; 1 1 1 1 1 1 1 1], [1 -1 -1 1 -1 1 1 -1; 1 -1 -1 1 -1 1 1 -1; -1 1 1 -1 1 -1 -1 1; -1 1 1 -1 1 -1 -1 1; 1 -1 -1 1 -1 1 1 -1; 1 -1 -1 1 -1 1 1 -1; -1 1 1 -1 1 -1 -1 1; -1 1 1 -1 1 -1 -1 1], [1 -1 1 -1 -1 1 -1 1; -1 1 -1 1 1 -1 1 -1; -1 1 -1 1 1 -1 1 -1; 1 -1 1 -1 -1 1 -1 1; -1 1 -1 1 1 -1 1 -1; 1 -1 1 -1 -1 1 -1 1; 1 -1 1 -1 -1 1 -1 1; -1 1 -1 1 1 -1 1 -1], [1 1 1 1 1 1 1 1; 1 1 1 1 1 1 1 1; 1 1 1 1 1 1 1 1; 1 1 1 1 1 1 1 1; -1 -1 -1 -1 -1 -1 -1 -1; -1 -1 -1 -1 -1 -1 -1 -1; -1 -1 -1 -1 -1 -1 -1 -1; -1 -1 -1 -1 -1 -1 -1 -1], [1 1 1 1 -1 -1 -1 -1; 1 1 1 1 -1 -1 -1 -1; -1 -1 -1 -1 1 1 1 1; -1 -1 -1 -1 1 1 1 1; 1 1 1 1 -1 -1 -1 -1; 1 1 1 1 -1 -1 -1 -1; -1 -1 -1 -1 1 1 1 1; -1 -1 -1 -1 1 1 1 1], [1 -1 1 -1 -1 1 -1 1; 1 -1 1 -1 -1 1 -1 1; 1 -1 1 -1 -1 1 -1 1; 1 -1 1 -1 -1 1 -1 1; -1 1 -1 1 1 -1 1 -1; -1 1 -1 1 1 -1 1 -1; -1 1 -1 1 1 -1 1 -1; -1 1 -1 1 1 -1 1 -1], [1 -1 -1 1 -1 1 1 -1; 1 -1 -1 1 -1 1 1 -1; -1 1 1 -1 1 -1 -1 1; -1 1 1 -1 1 -1 -1 1; -1 1 1 -1 1 -1 -1 1; -1 1 1 -1 1 -1 -1 1; 1 -1 -1 1 -1 1 1 -1; 1 -1 -1 1 -1 1 1 -1], [1 -1 1 -1 1 -1 1 -1; -1 1 -1 1 -1 1 -1 1; 1 -1 1 -1 1 -1 1 -1; -1 1 -1 1 -1 1 -1 1; 1 -1 1 -1 1 -1 1 -1; -1 1 -1 1 -1 1 -1 1; 1 -1 1 -1 1 -1 1 -1; -1 1 -1 1 -1 1 -1 1], [1 -1 1 -1 1 -1 1 -1; 1 -1 1 -1 1 -1 1 -1; -1 1 -1 1 -1 1 -1 1; -1 1 -1 1 -1 1 -1 1; -1 1 -1 1 -1 1 -1 1; -1 1 -1 1 -1 1 -1 1; 1 -1 1 -1 1 -1 1 -1; 1 -1 1 -1 1 -1 1 -1], [1 -1 1 -1 -1 1 -1 1; -1 1 -1 1 1 -1 1 -1; -1 1 -1 1 1 -1 1 -1; 1 -1 1 -1 -1 1 -1 1; 1 -1 1 -1 -1 1 -1 1; -1 1 -1 1 1 -1 1 -1; -1 1 -1 1 1 -1 1 -1; 1 -1 1 -1 -1 1 -1 1], [1 -1 1 -1 -1 1 -1 1; -1 1 -1 1 1 -1 1 -1; 1 -1 1 -1 -1 1 -1 1; -1 1 -1 1 1 -1 1 -1; 1 -1 1 -1 -1 1 -1 1; -1 1 -1 1 1 -1 1 -1; 1 -1 1 -1 -1 1 -1 1; -1 1 -1 1 1 -1 1 -1], [1 1 1 1 -1 -1 -1 -1; -1 -1 -1 -1 1 1 1 1; 1 1 1 1 -1 -1 -1 -1; -1 -1 -1 -1 1 1 1 1; -1 -1 -1 -1 1 1 1 1; 1 1 1 1 -1 -1 -1 -1; -1 -1 -1 -1 1 1 1 1; 1 1 1 1 -1 -1 -1 -1], [1 1 1 1 -1 -1 -1 -1; 1 1 1 1 -1 -1 -1 -1; 1 1 1 1 -1 -1 -1 -1; 1 1 1 1 -1 -1 -1 -1; 1 1 1 1 -1 -1 -1 -1; 1 1 1 1 -1 -1 -1 -1; 1 1 1 1 -1 -1 -1 -1; 1 1 1 1 -1 -1 -1 -1], [1 -1 -1 1 -1 1 1 -1; 1 -1 -1 1 -1 1 1 -1; 1 -1 -1 1 -1 1 1 -1; 1 -1 -1 1 -1 1 1 -1; 1 -1 -1 1 -1 1 1 -1; 1 -1 -1 1 -1 1 1 -1; 1 -1 -1 1 -1 1 1 -1; 1 -1 -1 1 -1 1 1 -1], [1 1 1 1 1 1 1 1; 1 1 1 1 1 1 1 1; 1 1 1 1 1 1 1 1; 1 1 1 1 1 1 1 1; 1 1 1 1 1 1 1 1; 1 1 1 1 1 1 1 1; 1 1 1 1 1 1 1 1; 1 1 1 1 1 1 1 1], [1 -1 1 -1 -1 1 -1 1; -1 1 -1 1 1 -1 1 -1; 1 -1 1 -1 -1 1 -1 1; -1 1 -1 1 1 -1 1 -1; -1 1 -1 1 1 -1 1 -1; 1 -1 1 -1 -1 1 -1 1; -1 1 -1 1 1 -1 1 -1; 1 -1 1 -1 -1 1 -1 1]]
# scaling = 1.0
# iterations = 100
# steps = 3000
# num_agitations = 1
# initial_stimuli = [(1, 1, 1)]
# sim_time = 4
# delta = -0.0013333333333333333

#Note, format for DATA is [conv_64, image_count]

#DATA

[
	 [0.537, 1],
	 [0.564, 2],
	 [0.477, 3],
	 [0.459, 4],
	 [0.449, 5],
	 [0.396, 6],
	 [0.385, 7],
	 [0.302, 8],
	 [0.249, 9],
	 [0.241, 10],
	 [0.179, 11],
	 [0.137, 12],
	 [0.094, 13],
	 [0.075, 14],
	 [0.058, 15],
	 [0.044, 16],
	 [0.025, 17],
	 [0.018, 18],
	 [0.021, 19],
	 [0.01, 20],
]

