1 1 0.0 1 -0.36140645786223957 -1 0.9258102130128691
2 1 0.0 1 -0.36140645786223957 -1 0.9258102130128691
3 1 0.0 1 -0.36140645786223957 -1 0.9258102130128691
4 1 0.0 1 -0.36140645786223957 -1 0.9258102130128691
5 1 0.0 1 -0.36140645786223957 -1 0.9258102130128691
6 1 0.0 1 -0.36140645786223957 -1 0.9258102130128691
7 1 0.0 1 -0.36140645786223957 -1 0.9258102130128691
8 1 0.0 1 -0.36140645786223957 -1 0.9258102130128691
9 1 0.0 1 -0.36140645786223957 -1 0.9258102130128691
10 1 0.0 1 -0.36140645786223957 -1 0.9258102130128691
11 1 0.0 1 -0.36140645786223957 -1 0.9258102130128691
12 1 0.0 1 -0.36140645786223957 -1 0.9258102130128691
13 1 0.0 1 -0.36140645786223957 -1 0.9258102130128691
14 1 0.0 1 -0.36140645786223957 -1 0.9258102130128691
15 1 0.0 1 -0.36140645786223957 -1 0.9258102130128691
16 1 0.0 1 -0.36140645786223957 -1 0.9258102130128691
17 1 0.0 1 -0.36140645786223957 -1 0.9258102130128691
18 1 0.0 1 -0.36140645786223957 -1 0.9258102130128691
19 1 0.0 1 -0.36140645786223957 -1 0.9258102130128691
20 1 0.0 1 -0.36140645786223957 -1 0.9258102130128691
21 1 0.0 1 -0.36140645786223957 -1 0.9258102130128691
22 1 0.0 1 -0.36140645786223957 -1 0.9258102130128691
23 1 0.0 1 -0.36140645786223957 -1 0.9258102130128691
24 1 0.0 1 -0.36140645786223957 -1 0.9258102130128691
25 1 0.0 1 -0.36140645786223957 -1 0.9258102130128691
26 1 0.0 1 -0.36140645786223957 -1 0.9258102130128691
27 1 0.0 1 -0.36140645786223957 -1 0.9258102130128691
28 1 0.0 1 -0.36140645786223957 -1 0.9258102130128691
29 1 0.0 1 -0.36140645786223957 -1 0.9258102130128691
30 1 0.0 1 -0.36140645786223957 -1 0.9258102130128691
31 1 0.0 1 -0.36140645786223957 -1 0.9258102130128691
32 1 0.0 1 -0.36140645786223957 -1 0.9258102130128691
33 1 0.0 1 -0.36140645786223957 -1 0.9258102130128691
34 1 0.0 1 -0.36140645786223957 -1 0.9258102130128691
35 1 0.0 1 -0.36140645786223957 -1 0.9258102130128691
36 1 0.0 1 -0.36140645786223957 -1 0.9258102130128691
37 1 0.0 1 -0.36140645786223957 -1 0.9258102130128691
38 1 0.0 1 -0.36140645786223957 -1 0.9258102130128691
39 1 0.0 1 -0.36140645786223957 -1 0.9258102130128691
40 1 0.0 1 -0.36140645786223957 -1 0.9258102130128691
41 1 0.0 1 -0.36140645786223957 -1 0.9258102130128691
42 1 0.0 1 -0.36140645786223957 -1 0.9258102130128691
43 1 0.0 1 -0.36140645786223957 -1 0.9258102130128691
44 1 0.0 1 -0.36140645786223957 -1 0.9258102130128691
45 1 0.0 1 -0.36140645786223957 -1 0.9258102130128691
46 1 0.0 1 -0.36140645786223957 -1 0.9258102130128691
47 1 0.0 1 -0.36140645786223957 -1 0.9258102130128691
48 1 0.0 1 -0.36140645786223957 -1 0.9258102130128691
49 1 0.0 1 -0.36140645786223957 -1 0.9258102130128691
50 1 0.0 1 -0.36140645786223957 -1 0.9258102130128691
51 1 0.0 1 -0.36140645786223957 -1 0.9258102130128691
52 1 0.0 1 -0.36140645786223957 -1 0.9258102130128691
53 1 0.0 1 -0.36140645786223957 -1 0.9258102130128691
54 1 0.0 1 -0.36140645786223957 -1 0.9258102130128691
55 1 0.0 1 -0.36140645786223957 -1 0.9258102130128691
56 1 0.0 1 -0.36140645786223957 -1 0.9258102130128691
57 1 0.0 1 -0.36140645786223957 -1 0.9258102130128691
58 1 0.0 1 -0.36140645786223957 -1 0.9258102130128691
59 1 0.0 1 -0.36140645786223957 -1 0.9258102130128691
60 1 0.0 1 -0.36140645786223957 -1 0.9258102130128691
61 1 0.0 1 -0.36140645786223957 -1 0.9258102130128691
62 1 0.0 1 -0.36140645786223957 -1 0.9258102130128691
63 1 0.0 1 -0.36140645786223957 -1 0.9258102130128691
64 1 0.0 1 -0.36140645786223957 -1 0.9258102130128691
65 1 0.0 1 -0.36140645786223957 -1 0.9258102130128691
66 1 0.0 1 -0.36140645786223957 -1 0.9258102130128691
67 1 0.0 1 -0.36140645786223957 -1 0.9258102130128691
68 1 0.0 1 -0.36140645786223957 -1 0.9258102130128691
69 1 0.0 1 -0.36140645786223957 -1 0.9258102130128691
70 1 0.0 1 -0.36140645786223957 -1 0.9258102130128691
71 1 0.0 1 -0.36140645786223957 -1 0.9258102130128691
72 1 0.0 1 -0.36140645786223957 -1 0.9258102130128691
73 1 0.0 1 -0.36140645786223957 -1 0.9258102130128691
74 1 0.0 1 -0.36140645786223957 -1 0.9258102130128691
75 1 0.0 1 -0.36140645786223957 -1 0.9258102130128691
76 1 0.0 1 -0.36140645786223957 -1 0.9258102130128691
77 1 0.0 1 -0.36140645786223957 -1 0.9258102130128691
78 1 0.0 1 -0.36140645786223957 -1 0.9258102130128691
79 1 0.0 1 -0.36140645786223957 -1 0.9258102130128691
80 1 0.0 1 -0.36140645786223957 -1 0.9258102130128691
81 1 0.0 1 -0.36140645786223957 -1 0.9258102130128691
82 1 0.0 1 -0.36140645786223957 -1 0.9258102130128691
83 1 0.0 1 -0.36140645786223957 -1 0.9258102130128691
84 1 0.0 1 -0.36140645786223957 -1 0.9258102130128691
85 1 0.0 1 -0.36140645786223957 -1 0.9258102130128691
86 1 0.0 1 -0.36140645786223957 -1 0.9258102130128691
87 1 0.0 1 -0.36140645786223957 -1 0.9258102130128691
88 1 0.0 1 -0.36140645786223957 -1 0.9258102130128691
89 1 0.0 1 -0.36140645786223957 -1 0.9258102130128691
90 1 0.0 1 -0.36140645786223957 -1 0.9258102130128691
91 1 0.0 1 -0.36140645786223957 -1 0.9258102130128691
92 1 0.0 1 -0.36140645786223957 -1 0.9258102130128691
93 1 0.0 1 -0.36140645786223957 -1 0.9258102130128691
94 1 0.0 1 -0.36140645786223957 -1 0.9258102130128691
95 1 0.0 1 -0.36140645786223957 -1 0.9258102130128691
96 1 0.0 1 -0.36140645786223957 -1 0.9258102130128691
97 1 0.0 1 -0.36140645786223957 -1 0.9258102130128691
98 1 0.0 1 -0.36140645786223957 -1 0.9258102130128691
99 1 0.0 1 -0.36140645786223957 -1 0.9258102130128691
100 1 0.0 1 -0.36140645786223957 -1 0.9258102130128691
101 1 0.0 1 -0.36140645786223957 -1 0.9258102130128691
102 1 0.0 1 -0.36140645786223957 -1 0.9258102130128691
103 1 0.0 1 -0.36140645786223957 -1 0.9258102130128691
104 1 0.0 1 -0.36140645786223957 -1 0.9258102130128691
105 1 0.0 1 -0.36140645786223957 -1 0.9258102130128691
106 1 0.0 1 -0.36140645786223957 -1 0.9258102130128691
107 1 0.0 1 -0.36140645786223957 -1 0.9258102130128691
108 1 0.0 1 -0.36140645786223957 -1 0.9258102130128691
109 1 0.0 1 -0.36140645786223957 -1 0.9258102130128691
110 1 0.0 1 -0.36140645786223957 -1 0.9258102130128691
111 1 0.0 1 -0.36140645786223957 -1 0.9258102130128691
112 1 0.0 1 -0.36140645786223957 -1 0.9258102130128691
113 1 0.0 1 -0.36140645786223957 -1 0.9258102130128691
114 1 0.0 1 -0.36140645786223957 -1 0.9258102130128691
115 1 0.0 1 -0.36140645786223957 -1 0.9258102130128691
116 1 0.0 1 -0.36140645786223957 -1 0.9258102130128691
117 1 0.0 1 -0.36140645786223957 -1 0.9258102130128691
118 1 0.0 1 -0.36140645786223957 -1 0.9258102130128691
119 1 0.0 1 -0.36140645786223957 -1 0.9258102130128691
120 1 0.0 1 -0.36140645786223957 -1 0.9258102130128691
121 1 0.0 1 -0.36140645786223957 -1 0.9258102130128691
122 1 0.0 1 -0.36140645786223957 -1 0.9258102130128691
123 1 0.0 1 -0.36140645786223957 -1 0.9258102130128691
124 1 0.0 1 -0.36140645786223957 -1 0.9258102130128691
125 1 0.0 1 -0.36140645786223957 -1 0.9258102130128691
126 1 0.0 1 -0.36140645786223957 -1 0.9258102130128691
127 1 0.0 1 -0.36140645786223957 -1 0.9258102130128691
128 1 0.0 1 -0.36140645786223957 -1 0.9258102130128691
129 1 0.0 1 -0.36140645786223957 -1 0.9258102130128691
130 1 0.0 1 -0.36140645786223957 -1 0.9258102130128691
131 1 0.0 1 -0.36140645786223957 -1 0.9258102130128691
132 1 0.0 1 -0.36140645786223957 -1 0.9258102130128691
133 1 0.0 1 -0.36140645786223957 -1 0.9258102130128691
134 1 0.0 1 -0.36140645786223957 -1 0.9258102130128691
135 1 0.0 1 -0.36140645786223957 -1 0.9258102130128691
136 1 0.0 1 -0.36140645786223957 -1 0.9258102130128691
137 1 0.0 1 -0.36140645786223957 -1 0.9258102130128691
138 1 0.0 1 -0.36140645786223957 -1 0.9258102130128691
139 1 0.0 1 -0.36140645786223957 -1 0.9258102130128691
140 1 0.0 1 -0.36140645786223957 -1 0.9258102130128691
141 1 0.0 1 -0.36140645786223957 -1 0.9258102130128691
142 1 0.0 1 -0.36140645786223957 -1 0.9258102130128691
143 1 0.0 1 -0.36140645786223957 -1 0.9258102130128691
144 1 0.0 1 -0.36140645786223957 -1 0.9258102130128691
145 1 0.0 1 -0.36140645786223957 -1 0.9258102130128691
146 1 0.0 1 -0.36140645786223957 -1 0.9258102130128691
147 1 0.0 1 -0.36140645786223957 -1 0.9258102130128691
148 1 0.0 1 -0.36140645786223957 -1 0.9258102130128691
149 1 0.0 1 -0.36140645786223957 -1 0.9258102130128691
150 1 0.0 1 -0.36140645786223957 -1 0.9258102130128691
151 1 0.0 1 -0.36140645786223957 -1 0.9258102130128691
152 1 0.0 1 -0.36140645786223957 -1 0.9258102130128691
153 1 0.0 1 -0.36140645786223957 -1 0.9258102130128691
154 1 0.0 1 -0.36140645786223957 -1 0.9258102130128691
155 1 0.0 1 -0.36140645786223957 -1 0.9258102130128691
156 1 0.0 1 -0.36140645786223957 -1 0.9258102130128691
157 1 0.0 1 -0.36140645786223957 -1 0.9258102130128691
158 1 0.0 1 -0.36140645786223957 -1 0.9258102130128691
159 1 0.0 1 -0.36140645786223957 -1 0.9258102130128691
160 1 0.0 1 -0.36140645786223957 -1 0.9258102130128691
161 1 0.0 1 -0.36140645786223957 -1 0.9258102130128691
162 1 0.0 1 -0.36140645786223957 -1 0.9258102130128691
163 1 0.0 1 -0.36140645786223957 -1 0.9258102130128691
164 1 0.0 1 -0.36140645786223957 -1 0.9258102130128691
165 1 0.0 1 -0.36140645786223957 -1 0.9258102130128691
166 1 0.0 1 -0.36140645786223957 -1 0.9258102130128691
167 1 0.0 1 -0.36140645786223957 -1 0.9258102130128691
168 1 0.0 1 -0.36140645786223957 -1 0.9258102130128691
169 1 0.0 1 -0.36140645786223957 -1 0.9258102130128691
170 1 0.0 1 -0.36140645786223957 -1 0.9258102130128691
171 1 0.0 1 -0.36140645786223957 -1 0.9258102130128691
172 1 0.0 1 -0.36140645786223957 -1 0.9258102130128691
173 1 0.0 1 -0.36140645786223957 -1 0.9258102130128691
174 1 0.0 1 -0.36140645786223957 -1 0.9258102130128691
175 1 0.0 1 -0.36140645786223957 -1 0.9258102130128691
176 1 0.0 1 -0.36140645786223957 -1 0.9258102130128691
177 1 0.0 1 -0.36140645786223957 -1 0.9258102130128691
178 1 0.0 1 -0.36140645786223957 -1 0.9258102130128691
179 1 0.0 1 -0.36140645786223957 -1 0.9258102130128691
180 1 0.0 1 -0.36140645786223957 -1 0.9258102130128691
181 1 0.0 1 -0.36140645786223957 -1 0.9258102130128691
182 1 0.0 1 -0.36140645786223957 -1 0.9258102130128691
183 1 0.0 1 -0.36140645786223957 -1 0.9258102130128691
184 1 0.0 1 -0.36140645786223957 -1 0.9258102130128691
185 1 0.0 1 -0.36140645786223957 -1 0.9258102130128691
186 1 0.0 1 -0.36140645786223957 -1 0.9258102130128691
187 1 0.0 1 -0.36140645786223957 -1 0.9258102130128691
188 1 0.0 1 -0.36140645786223957 -1 0.9258102130128691
189 1 0.0 1 -0.36140645786223957 -1 0.9258102130128691
190 1 0.0 1 -0.36140645786223957 -1 0.9258102130128691
191 1 0.0 1 -0.36140645786223957 -1 0.9258102130128691
192 1 0.0 1 -0.36140645786223957 -1 0.9258102130128691
193 1 0.0 1 -0.36140645786223957 -1 0.9258102130128691
194 1 0.0 1 -0.36140645786223957 -1 0.9258102130128691
195 1 0.0 1 -0.36140645786223957 -1 0.9258102130128691
196 1 0.0 1 -0.36140645786223957 -1 0.9258102130128691
197 1 0.0 1 -0.36140645786223957 -1 0.9258102130128691
198 1 0.0 1 -0.36140645786223957 -1 0.9258102130128691
199 1 0.0 1 -0.36140645786223957 -1 0.9258102130128691
200 1 0.0 1 -0.36140645786223957 -1 0.9258102130128691
201 1 0.0 1 -0.36140645786223957 -1 0.9258102130128691
202 1 0.0 1 -0.36140645786223957 -1 0.9258102130128691
203 1 0.0 1 -0.36140645786223957 -1 0.9258102130128691
204 1 0.0 1 -0.36140645786223957 -1 0.9258102130128691
205 1 0.0 1 -0.36140645786223957 -1 0.9258102130128691
206 1 0.0 1 -0.36140645786223957 -1 0.9258102130128691
207 1 0.0 1 -0.36140645786223957 -1 0.9258102130128691
208 1 0.0 1 -0.36140645786223957 -1 0.9258102130128691
209 1 0.0 1 -0.36140645786223957 -1 0.9258102130128691
210 1 0.0 1 -0.36140645786223957 -1 0.9258102130128691
211 1 0.0 1 -0.36140645786223957 -1 0.9258102130128691
212 1 0.0 1 -0.36140645786223957 -1 0.9258102130128691
213 1 0.0 1 -0.36140645786223957 -1 0.9258102130128691
214 1 0.0 1 -0.36140645786223957 -1 0.9258102130128691
215 1 0.0 1 -0.36140645786223957 -1 0.9258102130128691
216 1 0.0 1 -0.36140645786223957 -1 0.9258102130128691
217 1 0.0 1 -0.36140645786223957 -1 0.9258102130128691
218 1 0.0 1 -0.36140645786223957 -1 0.9258102130128691
219 1 0.0 1 -0.36140645786223957 -1 0.9258102130128691
220 1 0.0 1 -0.36140645786223957 -1 0.9258102130128691
221 1 0.0 1 -0.36140645786223957 -1 0.9258102130128691
222 1 0.0 1 -0.36140645786223957 -1 0.9258102130128691
223 1 0.0 1 -0.36140645786223957 -1 0.9258102130128691
224 1 0.0 1 -0.36140645786223957 -1 0.9258102130128691
225 1 0.0 1 -0.36140645786223957 -1 0.9258102130128691
226 1 0.0 1 -0.36140645786223957 -1 0.9258102130128691
227 1 0.0 1 -0.36140645786223957 -1 0.9258102130128691
228 1 0.0 1 -0.36140645786223957 -1 0.9258102130128691
229 1 0.0 1 -0.36140645786223957 -1 0.9258102130128691
230 1 0.0 1 -0.36140645786223957 -1 0.9258102130128691
231 1 0.0 1 -0.36140645786223957 -1 0.9258102130128691
232 1 0.0 1 -0.36140645786223957 -1 0.9258102130128691
233 1 0.0 1 -0.36140645786223957 -1 0.9258102130128691
234 1 0.0 1 -0.36140645786223957 -1 0.9258102130128691
235 1 0.0 1 -0.36140645786223957 -1 0.9258102130128691
236 1 0.0 1 -0.36140645786223957 -1 0.9258102130128691
237 1 0.0 1 -0.36140645786223957 -1 0.9258102130128691
238 1 0.0 1 -0.36140645786223957 -1 0.9258102130128691
239 1 0.0 1 -0.36140645786223957 -1 0.9258102130128691
240 1 0.0 1 -0.36140645786223957 -1 0.9258102130128691
241 1 0.0 1 -0.36140645786223957 -1 0.9258102130128691
242 1 0.0 1 -0.36140645786223957 -1 0.9258102130128691
243 1 0.0 1 -0.36140645786223957 -1 0.9258102130128691
244 1 0.0 1 -0.36140645786223957 -1 0.9258102130128691
245 1 0.0 1 -0.36140645786223957 -1 0.9258102130128691
246 1 0.0 1 -0.36140645786223957 -1 0.9258102130128691
247 1 0.0 1 -0.36140645786223957 -1 0.9258102130128691
248 1 0.0 1 -0.36140645786223957 -1 0.9258102130128691
249 1 0.0 1 -0.36140645786223957 -1 0.9258102130128691
250 1 0.0 1 -0.36140645786223957 -1 0.9258102130128691
251 1 0.0 1 -0.36140645786223957 -1 0.9258102130128691
252 1 0.0 1 -0.36140645786223957 -1 0.9258102130128691
253 1 0.0 1 -0.36140645786223957 -1 0.9258102130128691
254 1 0.0 1 -0.36140645786223957 -1 0.9258102130128691
255 1 0.0 1 -0.36140645786223957 -1 0.9258102130128691
256 1 0.0 1 -0.36140645786223957 -1 0.9258102130128691
257 1 0.0 1 -0.36140645786223957 -1 0.9258102130128691
258 1 0.0 1 -0.36140645786223957 -1 0.9258102130128691
259 1 0.0 1 -0.36140645786223957 -1 0.9258102130128691
260 1 0.0 1 -0.36140645786223957 -1 0.9258102130128691
261 1 0.0 1 -0.36140645786223957 -1 0.9258102130128691
262 1 0.0 1 -0.36140645786223957 -1 0.9258102130128691
263 1 0.0 1 -0.36140645786223957 -1 0.9258102130128691
264 1 0.0 1 -0.36140645786223957 -1 0.9258102130128691
265 1 0.0 1 -0.36140645786223957 -1 0.9258102130128691
266 1 0.0 1 -0.36140645786223957 -1 0.9258102130128691
267 1 0.0 1 -0.36140645786223957 -1 0.9258102130128691
268 1 0.0 1 -0.36140645786223957 -1 0.9258102130128691
269 1 0.0 1 -0.36140645786223957 -1 0.9258102130128691
270 1 0.0 1 -0.36140645786223957 -1 0.9258102130128691
271 1 0.0 1 -0.36140645786223957 -1 0.9258102130128691
272 1 0.0 1 -0.36140645786223957 -1 0.9258102130128691
273 1 0.0 1 -0.36140645786223957 -1 0.9258102130128691
274 1 0.0 1 -0.36140645786223957 -1 0.9258102130128691
275 1 0.0 1 -0.36140645786223957 -1 0.9258102130128691
276 1 0.0 1 -0.36140645786223957 -1 0.9258102130128691
277 1 0.0 1 -0.36140645786223957 -1 0.9258102130128691
278 1 0.0 1 -0.36140645786223957 -1 0.9258102130128691
279 1 0.0 1 -0.36140645786223957 -1 0.9258102130128691
280 1 0.0 1 -0.36140645786223957 -1 0.9258102130128691
281 1 0.0 1 -0.36140645786223957 -1 0.9258102130128691
282 1 0.0 1 -0.36140645786223957 -1 0.9258102130128691
283 1 0.0 1 -0.36140645786223957 -1 0.9258102130128691
284 1 0.0 1 -0.36140645786223957 -1 0.9258102130128691
285 1 0.0 1 -0.36140645786223957 -1 0.9258102130128691
286 1 0.0 1 -0.36140645786223957 -1 0.9258102130128691
287 1 0.0 1 -0.36140645786223957 -1 0.9258102130128691
288 1 0.0 1 -0.36140645786223957 -1 0.9258102130128691
289 1 0.0 1 -0.36140645786223957 -1 0.9258102130128691
290 1 0.0 1 -0.36140645786223957 -1 0.9258102130128691
291 1 0.0 1 -0.36140645786223957 -1 0.9258102130128691
292 1 0.0 1 -0.36140645786223957 -1 0.9258102130128691
293 1 0.0 1 -0.36140645786223957 -1 0.9258102130128691
294 1 0.0 1 -0.36140645786223957 -1 0.9258102130128691
295 1 0.0 1 -0.36140645786223957 -1 0.9258102130128691
296 1 0.0 1 -0.36140645786223957 -1 0.9258102130128691
297 1 0.0 1 -0.36140645786223957 -1 0.9258102130128691
298 1 0.0 1 -0.36140645786223957 -1 0.9258102130128691
299 1 0.0 1 -0.36140645786223957 -1 0.9258102130128691
300 1 0.0 1 -0.36140645786223957 -1 0.9258102130128691
301 1 0.0 1 -0.36140645786223957 -1 0.9258102130128691
302 1 0.0 1 -0.36140645786223957 -1 0.9258102130128691
303 1 0.0 1 -0.36140645786223957 -1 0.9258102130128691
304 1 0.0 1 -0.36140645786223957 -1 0.9258102130128691
305 1 0.0 1 -0.36140645786223957 -1 0.9258102130128691
306 1 0.0 1 -0.36140645786223957 -1 0.9258102130128691
307 1 0.0 1 -0.36140645786223957 -1 0.9258102130128691
308 1 0.0 1 -0.36140645786223957 -1 0.9258102130128691
309 1 0.0 1 -0.36140645786223957 -1 0.9258102130128691
310 1 0.0 1 -0.36140645786223957 -1 0.9258102130128691
311 1 0.0 1 -0.36140645786223957 -1 0.9258102130128691
312 1 0.0 1 -0.36140645786223957 -1 0.9258102130128691
313 1 0.0 1 -0.36140645786223957 -1 0.9258102130128691
314 1 0.0 1 -0.36140645786223957 -1 0.9258102130128691
315 1 0.0 1 -0.36140645786223957 -1 0.9258102130128691
316 1 0.0 1 -0.36140645786223957 -1 0.9258102130128691
317 1 0.0 1 -0.36140645786223957 -1 0.9258102130128691
318 1 0.0 1 -0.36140645786223957 -1 0.9258102130128691
319 1 0.0 1 -0.36140645786223957 -1 0.9258102130128691
320 1 0.0 1 -0.36140645786223957 -1 0.9258102130128691
321 1 0.0 1 -0.36140645786223957 -1 0.9258102130128691
322 1 0.0 1 -0.36140645786223957 -1 0.9258102130128691
323 1 0.0 1 -0.36140645786223957 -1 0.9258102130128691
324 1 0.0 1 -0.36140645786223957 -1 0.9258102130128691
325 1 0.0 1 -0.36140645786223957 -1 0.9258102130128691
326 1 0.0 1 -0.36140645786223957 -1 0.9258102130128691
327 1 0.0 1 -0.36140645786223957 -1 0.9258102130128691
328 1 0.0 1 -0.36140645786223957 -1 0.9258102130128691
329 1 0.0 1 -0.36140645786223957 -1 0.9258102130128691
330 1 0.0 1 -0.36140645786223957 -1 0.9258102130128691
331 1 0.0 1 -0.36140645786223957 -1 0.9258102130128691
332 1 0.0 1 -0.36140645786223957 -1 0.9258102130128691
333 1 0.0 1 -0.36140645786223957 -1 0.9258102130128691
334 1 0.0 1 -0.36140645786223957 -1 0.9258102130128691
335 1 0.0 1 -0.36140645786223957 -1 0.9258102130128691
336 1 0.0 1 -0.36140645786223957 -1 0.9258102130128691
337 1 0.0 1 -0.36140645786223957 -1 0.9258102130128691
338 1 0.0 1 -0.36140645786223957 -1 0.9258102130128691
339 1 0.0 1 -0.36140645786223957 -1 0.9258102130128691
340 1 0.0 1 -0.36140645786223957 -1 0.9258102130128691
341 1 0.0 1 -0.36140645786223957 -1 0.9258102130128691
342 1 0.0 1 -0.36140645786223957 -1 0.9258102130128691
343 1 0.0 1 -0.36140645786223957 -1 0.9258102130128691
344 1 0.0 1 -0.36140645786223957 -1 0.9258102130128691
345 1 0.0 1 -0.36140645786223957 -1 0.9258102130128691
346 1 0.0 1 -0.36140645786223957 -1 0.9258102130128691
347 1 0.0 1 -0.36140645786223957 -1 0.9258102130128691
348 1 0.0 1 -0.36140645786223957 -1 0.9258102130128691
349 1 0.0 1 -0.36140645786223957 -1 0.9258102130128691
350 1 0.0 1 -0.36140645786223957 -1 0.9258102130128691
351 1 0.0 1 -0.36140645786223957 -1 0.9258102130128691
352 1 0.0 1 -0.36140645786223957 -1 0.9258102130128691
353 1 0.0 1 -0.36140645786223957 -1 0.9258102130128691
354 1 0.0 1 -0.36140645786223957 -1 0.9258102130128691
355 1 0.0 1 -0.36140645786223957 -1 0.9258102130128691
356 1 0.0 1 -0.36140645786223957 -1 0.9258102130128691
357 1 0.0 1 -0.36140645786223957 -1 0.9258102130128691
358 1 0.0 1 -0.36140645786223957 -1 0.9258102130128691
359 1 0.0 1 -0.36140645786223957 -1 0.9258102130128691
360 1 0.0 1 -0.36140645786223957 -1 0.9258102130128691
361 1 0.0 1 -0.36140645786223957 -1 0.9258102130128691
362 1 0.0 1 -0.36140645786223957 -1 0.9258102130128691
363 1 0.0 1 -0.36140645786223957 -1 0.9258102130128691
364 1 0.0 1 -0.36140645786223957 -1 0.9258102130128691
365 1 0.0 1 -0.36140645786223957 -1 0.9258102130128691
366 1 0.0 1 -0.36140645786223957 -1 0.9258102130128691
367 1 0.0 1 -0.36140645786223957 -1 0.9258102130128691
368 1 0.0 1 -0.36140645786223957 -1 0.9258102130128691
369 1 0.0 1 -0.36140645786223957 -1 0.9258102130128691
370 1 0.0 1 -0.36140645786223957 -1 0.9258102130128691
371 1 0.0 1 -0.36140645786223957 -1 0.9258102130128691
372 1 0.0 1 -0.36140645786223957 -1 0.9258102130128691
373 1 0.0 1 -0.36140645786223957 -1 0.9258102130128691
374 1 0.0 1 -0.36140645786223957 -1 0.9258102130128691
375 1 0.0 1 -0.36140645786223957 -1 0.9258102130128691
376 1 0.0 1 -0.36140645786223957 -1 0.9258102130128691
377 1 0.0 1 -0.36140645786223957 -1 0.9258102130128691
378 1 0.0 1 -0.36140645786223957 -1 0.9258102130128691
379 1 0.0 1 -0.36140645786223957 -1 0.9258102130128691
380 1 0.0 1 -0.36140645786223957 -1 0.9258102130128691
381 1 0.0 1 -0.36140645786223957 -1 0.9258102130128691
382 1 0.0 1 -0.36140645786223957 -1 0.9258102130128691
383 1 0.0 1 -0.36140645786223957 -1 0.9258102130128691
384 1 0.0 1 -0.36140645786223957 -1 0.9258102130128691
385 1 0.0 1 -0.36140645786223957 -1 0.9258102130128691
386 1 0.0 1 -0.36140645786223957 -1 0.9258102130128691
387 1 0.0 1 -0.36140645786223957 -1 0.9258102130128691
388 1 0.0 1 -0.36140645786223957 -1 0.9258102130128691
389 1 0.0 1 -0.36140645786223957 -1 0.9258102130128691
390 1 0.0 1 -0.36140645786223957 -1 0.9258102130128691
391 1 0.0 1 -0.36140645786223957 -1 0.9258102130128691
392 1 0.0 1 -0.36140645786223957 -1 0.9258102130128691
393 1 0.0 1 -0.36140645786223957 -1 0.9258102130128691
394 1 0.0 1 -0.36140645786223957 -1 0.9258102130128691
395 1 0.0 1 -0.36140645786223957 -1 0.9258102130128691
396 1 0.0 1 -0.36140645786223957 -1 0.9258102130128691
397 1 0.0 1 -0.36140645786223957 -1 0.9258102130128691
398 1 0.0 1 -0.36140645786223957 -1 0.9258102130128691
399 1 0.0 1 -0.36140645786223957 -1 0.9258102130128691
400 1 0.0 1 -0.36140645786223957 -1 0.9258102130128691
401 1 0.0 1 -0.36140645786223957 -1 0.9258102130128691
402 1 0.0 1 -0.36140645786223957 -1 0.9258102130128691
403 1 0.0 1 -0.36140645786223957 -1 0.9258102130128691
404 1 0.0 1 -0.36140645786223957 -1 0.9258102130128691
405 1 0.0 1 -0.36140645786223957 -1 0.9258102130128691
406 1 0.0 1 -0.36140645786223957 -1 0.9258102130128691
407 1 0.0 1 -0.36140645786223957 -1 0.9258102130128691
408 1 0.0 1 -0.36140645786223957 -1 0.9258102130128691
409 1 0.0 1 -0.36140645786223957 -1 0.9258102130128691
410 1 0.0 1 -0.36140645786223957 -1 0.9258102130128691
411 1 0.0 1 -0.36140645786223957 -1 0.9258102130128691
412 1 0.0 1 -0.36140645786223957 -1 0.9258102130128691
413 1 0.0 1 -0.36140645786223957 -1 0.9258102130128691
414 1 0.0 1 -0.36140645786223957 -1 0.9258102130128691
415 1 0.0 1 -0.36140645786223957 -1 0.9258102130128691
416 1 0.0 1 -0.36140645786223957 -1 0.9258102130128691
417 1 0.0 1 -0.36140645786223957 -1 0.9258102130128691
418 1 0.0 1 -0.36140645786223957 -1 0.9258102130128691
419 1 0.0 1 -0.36140645786223957 -1 0.9258102130128691
420 1 0.0 1 -0.36140645786223957 -1 0.9258102130128691
421 1 0.0 1 -0.36140645786223957 -1 0.9258102130128691
422 1 0.0 1 -0.36140645786223957 -1 0.9258102130128691
423 1 0.0 1 -0.36140645786223957 -1 0.9258102130128691
424 1 0.0 1 -0.36140645786223957 -1 0.9258102130128691
425 1 0.0 1 -0.36140645786223957 -1 0.9258102130128691
426 1 0.0 1 -0.36140645786223957 -1 0.9258102130128691
427 1 0.0 1 -0.36140645786223957 -1 0.9258102130128691
428 1 0.0 1 -0.36140645786223957 -1 0.9258102130128691
429 1 0.0 1 -0.36140645786223957 -1 0.9258102130128691
430 1 0.0 1 -0.36140645786223957 -1 0.9258102130128691
431 1 0.0 1 -0.36140645786223957 -1 0.9258102130128691
432 1 0.0 1 -0.36140645786223957 -1 0.9258102130128691
433 1 0.0 1 -0.36140645786223957 -1 0.9258102130128691
434 1 0.0 1 -0.36140645786223957 -1 0.9258102130128691
435 1 0.0 1 -0.36140645786223957 -1 0.9258102130128691
436 1 0.0 1 -0.36140645786223957 -1 0.9258102130128691
437 1 0.0 1 -0.36140645786223957 -1 0.9258102130128691
438 1 0.0 1 -0.36140645786223957 -1 0.9258102130128691
439 1 0.0 1 -0.36140645786223957 -1 0.9258102130128691
440 1 0.0 1 -0.36140645786223957 -1 0.9258102130128691
441 1 0.0 1 -0.36140645786223957 -1 0.9258102130128691
442 1 0.0 1 -0.36140645786223957 -1 0.9258102130128691
443 1 0.0 1 -0.36140645786223957 -1 0.9258102130128691
444 1 0.0 1 -0.36140645786223957 -1 0.9258102130128691
445 1 0.0 1 -0.36140645786223957 -1 0.9258102130128691
446 1 0.0 1 -0.36140645786223957 -1 0.9258102130128691
447 1 0.0 1 -0.36140645786223957 -1 0.9258102130128691
448 1 0.0 1 -0.36140645786223957 -1 0.9258102130128691
449 1 0.0 1 -0.36140645786223957 -1 0.9258102130128691
450 1 0.0 1 -0.36140645786223957 -1 0.9258102130128691
451 1 0.0 1 -0.36140645786223957 -1 0.9258102130128691
452 1 0.0 1 -0.36140645786223957 -1 0.9258102130128691
453 1 0.0 1 -0.36140645786223957 -1 0.9258102130128691
454 1 0.0 1 -0.36140645786223957 -1 0.9258102130128691
455 1 0.0 1 -0.36140645786223957 -1 0.9258102130128691
456 1 0.0 1 -0.36140645786223957 -1 0.9258102130128691
457 1 0.0 1 -0.36140645786223957 -1 0.9258102130128691
458 1 0.0 1 -0.36140645786223957 -1 0.9258102130128691
459 1 0.0 1 -0.36140645786223957 -1 0.9258102130128691
460 1 0.0 1 -0.36140645786223957 -1 0.9258102130128691
461 1 0.0 1 -0.36140645786223957 -1 0.9258102130128691
462 1 0.0 1 -0.36140645786223957 -1 0.9258102130128691
463 1 0.0 1 -0.36140645786223957 -1 0.9258102130128691
464 1 0.0 1 -0.36140645786223957 -1 0.9258102130128691
465 1 0.0 1 -0.36140645786223957 -1 0.9258102130128691
466 1 0.0 1 -0.36140645786223957 -1 0.9258102130128691
467 1 0.0 1 -0.36140645786223957 -1 0.9258102130128691
468 1 0.0 1 -0.36140645786223957 -1 0.9258102130128691
469 1 0.0 1 -0.36140645786223957 -1 0.9258102130128691
470 1 0.0 1 -0.36140645786223957 -1 0.9258102130128691
471 1 0.0 1 -0.36140645786223957 -1 0.9258102130128691
472 1 0.0 1 -0.36140645786223957 -1 0.9258102130128691
473 1 0.0 1 -0.36140645786223957 -1 0.9258102130128691
474 1 0.0 1 -0.36140645786223957 -1 0.9258102130128691
475 1 0.0 1 -0.36140645786223957 -1 0.9258102130128691
476 1 0.0 1 -0.36140645786223957 -1 0.9258102130128691
477 1 0.0 1 -0.36140645786223957 -1 0.9258102130128691
478 1 0.0 1 -0.36140645786223957 -1 0.9258102130128691
479 1 0.0 1 -0.36140645786223957 -1 0.9258102130128691
480 1 0.0 1 -0.36140645786223957 -1 0.9258102130128691
481 1 0.0 1 -0.36140645786223957 -1 0.9258102130128691
482 1 0.0 1 -0.36140645786223957 -1 0.9258102130128691
483 1 0.0 1 -0.36140645786223957 -1 0.9258102130128691
484 1 0.0 1 -0.36140645786223957 -1 0.9258102130128691
485 1 0.0 1 -0.36140645786223957 -1 0.9258102130128691
486 1 0.0 1 -0.36140645786223957 -1 0.9258102130128691
487 1 0.0 1 -0.36140645786223957 -1 0.9258102130128691
488 1 0.0 1 -0.36140645786223957 -1 0.9258102130128691
489 1 0.0 1 -0.36140645786223957 -1 0.9258102130128691
490 1 0.0 1 -0.36140645786223957 -1 0.9258102130128691
491 1 0.0 1 -0.36140645786223957 -1 0.9258102130128691
492 1 0.0 1 -0.36140645786223957 -1 0.9258102130128691
493 1 0.0 1 -0.36140645786223957 -1 0.9258102130128691
494 1 0.0 1 -0.36140645786223957 -1 0.9258102130128691
495 1 0.0 1 -0.36140645786223957 -1 0.9258102130128691
496 1 0.0 1 -0.36140645786223957 -1 0.9258102130128691
497 1 0.0 1 -0.36140645786223957 -1 0.9258102130128691
498 1 0.0 1 -0.36140645786223957 -1 0.9258102130128691
499 1 0.0 1 -0.36140645786223957 -1 0.9258102130128691
500 1 0.0 1 -0.36140645786223957 -1 0.9258102130128691
501 1 0.0 1 -0.36140645786223957 -1 0.9258102130128691
502 1 0.0 1 -0.36140645786223957 -1 0.9258102130128691
503 1 0.0 1 -0.36140645786223957 -1 0.9258102130128691
504 1 0.0 1 -0.36140645786223957 -1 0.9258102130128691
505 1 0.0 1 -0.36140645786223957 -1 0.9258102130128691
506 1 0.0 1 -0.36140645786223957 -1 0.9258102130128691
507 1 0.0 1 -0.36140645786223957 -1 0.9258102130128691
508 1 0.0 1 -0.36140645786223957 -1 0.9258102130128691
509 1 0.0 1 -0.36140645786223957 -1 0.9258102130128691
510 1 0.0 1 -0.36140645786223957 -1 0.9258102130128691
511 1 0.0 1 -0.36140645786223957 -1 0.9258102130128691
512 1 0.0 1 -0.36140645786223957 -1 0.9258102130128691
513 1 0.0 1 -0.36140645786223957 -1 0.9258102130128691
514 1 0.0 1 -0.36140645786223957 -1 0.9258102130128691
515 1 0.0 1 -0.36140645786223957 -1 0.9258102130128691
516 1 0.0 1 -0.36140645786223957 -1 0.9258102130128691
517 1 0.0 1 -0.36140645786223957 -1 0.9258102130128691
518 1 0.0 1 -0.36140645786223957 -1 0.9258102130128691
519 1 0.0 1 -0.36140645786223957 -1 0.9258102130128691
520 1 0.0 1 -0.36140645786223957 -1 0.9258102130128691
521 1 0.0 1 -0.36140645786223957 -1 0.9258102130128691
522 1 0.0 1 -0.36140645786223957 -1 0.9258102130128691
523 1 0.0 1 -0.36140645786223957 -1 0.9258102130128691
524 1 0.0 1 -0.36140645786223957 -1 0.9258102130128691
525 1 0.0 1 -0.36140645786223957 -1 0.9258102130128691
526 1 0.0 1 -0.36140645786223957 -1 0.9258102130128691
527 1 0.0 1 -0.36140645786223957 -1 0.9258102130128691
528 1 0.0 1 -0.36140645786223957 -1 0.9258102130128691
529 1 0.0 1 -0.36140645786223957 -1 0.9258102130128691
530 1 0.0 1 -0.36140645786223957 -1 0.9258102130128691
531 1 0.0 1 -0.36140645786223957 -1 0.9258102130128691
532 1 0.0 1 -0.36140645786223957 -1 0.9258102130128691
533 1 0.0 1 -0.36140645786223957 -1 0.9258102130128691
534 1 0.0 1 -0.36140645786223957 -1 0.9258102130128691
535 1 0.0 1 -0.36140645786223957 -1 0.9258102130128691
536 1 0.0 1 -0.36140645786223957 -1 0.9258102130128691
537 1 0.0 1 -0.36140645786223957 -1 0.9258102130128691
538 1 0.0 1 -0.36140645786223957 -1 0.9258102130128691
539 1 0.0 1 -0.36140645786223957 -1 0.9258102130128691
540 1 0.0 1 -0.36140645786223957 -1 0.9258102130128691
541 1 0.0 1 -0.36140645786223957 -1 0.9258102130128691
542 1 0.0 1 -0.36140645786223957 -1 0.9258102130128691
543 1 0.0 1 -0.36140645786223957 -1 0.9258102130128691
544 1 0.0 1 -0.36140645786223957 -1 0.9258102130128691
545 1 0.0 1 -0.36140645786223957 -1 0.9258102130128691
546 1 0.0 1 -0.36140645786223957 -1 0.9258102130128691
547 1 0.0 1 -0.36140645786223957 -1 0.9258102130128691
548 1 0.0 1 -0.36140645786223957 -1 0.9258102130128691
549 1 0.0 1 -0.36140645786223957 -1 0.9258102130128691
550 1 0.0 1 -0.36140645786223957 -1 0.9258102130128691
551 1 0.0 1 -0.36140645786223957 -1 0.9258102130128691
552 1 0.0 1 -0.36140645786223957 -1 0.9258102130128691
553 1 0.0 1 -0.36140645786223957 -1 0.9258102130128691
554 1 0.0 1 -0.36140645786223957 -1 0.9258102130128691
555 1 0.0 1 -0.36140645786223957 -1 0.9258102130128691
556 1 0.0 1 -0.36140645786223957 -1 0.9258102130128691
557 1 0.0 1 -0.36140645786223957 -1 0.9258102130128691
558 1 0.0 1 -0.36140645786223957 -1 0.9258102130128691
559 1 0.0 1 -0.36140645786223957 -1 0.9258102130128691
560 1 0.0 1 -0.36140645786223957 -1 0.9258102130128691
561 1 0.0 1 -0.36140645786223957 -1 0.9258102130128691
562 1 0.0 1 -0.36140645786223957 -1 0.9258102130128691
563 1 0.0 1 -0.36140645786223957 -1 0.9258102130128691
564 1 0.0 1 -0.36140645786223957 -1 0.9258102130128691
565 1 0.0 1 -0.36140645786223957 -1 0.9258102130128691
566 1 0.0 1 -0.36140645786223957 -1 0.9258102130128691
567 1 0.0 1 -0.36140645786223957 -1 0.9258102130128691
568 1 0.0 1 -0.36140645786223957 -1 0.9258102130128691
569 1 0.0 1 -0.36140645786223957 -1 0.9258102130128691
570 1 0.0 1 -0.36140645786223957 -1 0.9258102130128691
571 1 0.0 1 -0.36140645786223957 -1 0.9258102130128691
572 1 0.0 1 -0.36140645786223957 -1 0.9258102130128691
573 1 0.0 1 -0.36140645786223957 -1 0.9258102130128691
574 1 0.0 1 -0.36140645786223957 -1 0.9258102130128691
575 1 0.0 1 -0.36140645786223957 -1 0.9258102130128691
576 1 0.0 1 -0.36140645786223957 -1 0.9258102130128691
577 1 0.0 1 -0.36140645786223957 -1 0.9258102130128691
578 1 0.0 1 -0.36140645786223957 -1 0.9258102130128691
579 1 0.0 1 -0.36140645786223957 -1 0.9258102130128691
580 1 0.0 1 -0.36140645786223957 -1 0.9258102130128691
581 1 0.0 1 -0.36140645786223957 -1 0.9258102130128691
582 1 0.0 1 -0.36140645786223957 -1 0.9258102130128691
583 1 0.0 1 -0.36140645786223957 -1 0.9258102130128691
584 1 0.0 1 -0.36140645786223957 -1 0.9258102130128691
585 1 0.0 1 -0.36140645786223957 -1 0.9258102130128691
586 1 0.0 1 -0.36140645786223957 -1 0.9258102130128691
587 1 0.0 1 -0.36140645786223957 -1 0.9258102130128691
588 1 0.0 1 -0.36140645786223957 -1 0.9258102130128691
589 1 0.0 1 -0.36140645786223957 -1 0.9258102130128691
590 1 0.0 1 -0.36140645786223957 -1 0.9258102130128691
591 1 0.0 1 -0.36140645786223957 -1 0.9258102130128691
592 1 0.0 1 -0.36140645786223957 -1 0.9258102130128691
593 1 0.0 1 -0.36140645786223957 -1 0.9258102130128691
594 1 0.0 1 -0.36140645786223957 -1 0.9258102130128691
595 1 0.0 1 -0.36140645786223957 -1 0.9258102130128691
596 1 0.0 1 -0.36140645786223957 -1 0.9258102130128691
597 1 0.0 1 -0.36140645786223957 -1 0.9258102130128691
598 1 0.0 1 -0.36140645786223957 -1 0.9258102130128691
599 1 0.0 1 -0.36140645786223957 -1 0.9258102130128691
600 1 0.0 1 -0.36140645786223957 -1 0.9258102130128691
601 1 0.0 1 -0.36140645786223957 -1 0.9258102130128691
602 1 0.0 1 -0.36140645786223957 -1 0.9258102130128691
603 1 0.0 1 -0.36140645786223957 -1 0.9258102130128691
604 1 0.0 1 -0.36140645786223957 -1 0.9258102130128691
605 1 0.0 1 -0.36140645786223957 -1 0.9258102130128691
606 1 0.0 1 -0.36140645786223957 -1 0.9258102130128691
607 1 0.0 1 -0.36140645786223957 -1 0.9258102130128691
608 1 0.0 1 -0.36140645786223957 -1 0.9258102130128691
609 1 0.0 1 -0.36140645786223957 -1 0.9258102130128691
610 1 0.0 1 -0.36140645786223957 -1 0.9258102130128691
611 1 0.0 1 -0.36140645786223957 -1 0.9258102130128691
612 1 0.0 1 -0.36140645786223957 -1 0.9258102130128691
613 1 0.0 1 -0.36140645786223957 -1 0.9258102130128691
614 1 0.0 1 -0.36140645786223957 -1 0.9258102130128691
615 1 0.0 1 -0.36140645786223957 -1 0.9258102130128691
616 1 0.0 1 -0.36140645786223957 -1 0.9258102130128691
617 1 0.0 1 -0.36140645786223957 -1 0.9258102130128691
618 1 0.0 1 -0.36140645786223957 -1 0.9258102130128691
619 1 0.0 1 -0.36140645786223957 -1 0.9258102130128691
620 1 0.0 1 -0.36140645786223957 -1 0.9258102130128691
621 1 0.0 1 -0.36140645786223957 -1 0.9258102130128691
622 1 0.0 1 -0.36140645786223957 -1 0.9258102130128691
623 1 0.0 1 -0.36140645786223957 -1 0.9258102130128691
624 1 0.0 1 -0.36140645786223957 -1 0.9258102130128691
625 1 0.0 1 -0.36140645786223957 -1 0.9258102130128691
626 1 0.0 1 -0.36140645786223957 -1 0.9258102130128691
627 1 0.0 1 -0.36140645786223957 -1 0.9258102130128691
628 1 0.0 1 -0.36140645786223957 -1 0.9258102130128691
629 1 0.0 1 -0.36140645786223957 -1 0.9258102130128691
630 1 0.0 1 -0.36140645786223957 -1 0.9258102130128691
631 1 0.0 1 -0.36140645786223957 -1 0.9258102130128691
632 1 0.0 1 -0.36140645786223957 -1 0.9258102130128691
633 1 0.0 1 -0.36140645786223957 -1 0.9258102130128691
634 1 0.0 1 -0.36140645786223957 -1 0.9258102130128691
635 1 0.0 1 -0.36140645786223957 -1 0.9258102130128691
636 1 0.0 1 -0.36140645786223957 -1 0.9258102130128691
637 1 0.0 1 -0.36140645786223957 -1 0.9258102130128691
638 1 0.0 1 -0.36140645786223957 -1 0.9258102130128691
639 1 0.0 1 -0.36140645786223957 -1 0.9258102130128691
640 1 0.0 1 -0.36140645786223957 -1 0.9258102130128691
641 1 0.0 1 -0.36140645786223957 -1 0.9258102130128691
642 1 0.0 1 -0.36140645786223957 -1 0.9258102130128691
643 1 0.0 1 -0.36140645786223957 -1 0.9258102130128691
644 1 0.0 1 -0.36140645786223957 -1 0.9258102130128691
645 1 0.0 1 -0.36140645786223957 -1 0.9258102130128691
646 1 0.0 1 -0.36140645786223957 -1 0.9258102130128691
647 1 0.0 1 -0.36140645786223957 -1 0.9258102130128691
648 1 0.0 1 -0.36140645786223957 -1 0.9258102130128691
649 1 0.0 1 -0.36140645786223957 -1 0.9258102130128691
650 1 0.0 1 -0.36140645786223957 -1 0.9258102130128691
651 1 0.0 1 -0.36140645786223957 -1 0.9258102130128691
652 1 0.0 1 -0.36140645786223957 -1 0.9258102130128691
653 1 0.0 1 -0.36140645786223957 -1 0.9258102130128691
654 1 0.0 1 -0.36140645786223957 -1 0.9258102130128691
655 1 0.0 1 -0.36140645786223957 -1 0.9258102130128691
656 1 0.0 1 -0.36140645786223957 -1 0.9258102130128691
657 1 0.0 1 -0.36140645786223957 -1 0.9258102130128691
658 1 0.0 1 -0.36140645786223957 -1 0.9258102130128691
659 1 0.0 1 -0.36140645786223957 -1 0.9258102130128691
660 1 0.0 1 -0.36140645786223957 -1 0.9258102130128691
661 1 0.0 1 -0.36140645786223957 -1 0.9258102130128691
662 1 0.0 1 -0.36140645786223957 -1 0.9258102130128691
663 1 0.0 1 -0.36140645786223957 -1 0.9258102130128691
664 1 0.0 1 -0.36140645786223957 -1 0.9258102130128691
665 1 0.0 1 -0.36140645786223957 -1 0.9258102130128691
666 1 0.0 1 -0.36140645786223957 -1 0.9258102130128691
667 1 0.0 1 -0.36140645786223957 -1 0.9258102130128691
668 1 0.0 1 -0.36140645786223957 -1 0.9258102130128691
669 1 0.0 1 -0.36140645786223957 -1 0.9258102130128691
670 1 0.0 1 -0.36140645786223957 -1 0.9258102130128691
671 1 0.0 1 -0.36140645786223957 -1 0.9258102130128691
672 1 0.0 1 -0.36140645786223957 -1 0.9258102130128691
673 1 0.0 1 -0.36140645786223957 -1 0.9258102130128691
674 1 0.0 1 -0.36140645786223957 -1 0.9258102130128691
675 1 0.0 1 -0.36140645786223957 -1 0.9258102130128691
676 1 0.0 1 -0.36140645786223957 -1 0.9258102130128691
677 1 0.0 1 -0.36140645786223957 -1 0.9258102130128691
678 1 0.0 1 -0.36140645786223957 -1 0.9258102130128691
679 1 0.0 1 -0.36140645786223957 -1 0.9258102130128691
680 1 0.0 1 -0.36140645786223957 -1 0.9258102130128691
681 1 0.0 1 -0.36140645786223957 -1 0.9258102130128691
682 1 0.0 1 -0.36140645786223957 -1 0.9258102130128691
683 1 0.0 1 -0.36140645786223957 -1 0.9258102130128691
684 1 0.0 1 -0.36140645786223957 -1 0.9258102130128691
685 1 0.0 1 -0.36140645786223957 -1 0.9258102130128691
686 1 0.0 1 -0.36140645786223957 -1 0.9258102130128691
687 1 0.0 1 -0.36140645786223957 -1 0.9258102130128691
688 1 0.0 1 -0.36140645786223957 -1 0.9258102130128691
689 1 0.0 1 -0.36140645786223957 -1 0.9258102130128691
690 1 0.0 1 -0.36140645786223957 -1 0.9258102130128691
691 1 0.0 1 -0.36140645786223957 -1 0.9258102130128691
692 1 0.0 1 -0.36140645786223957 -1 0.9258102130128691
693 1 0.0 1 -0.36140645786223957 -1 0.9258102130128691
694 1 0.0 1 -0.36140645786223957 -1 0.9258102130128691
695 1 0.0 1 -0.36140645786223957 -1 0.9258102130128691
696 1 0.0 1 -0.36140645786223957 -1 0.9258102130128691
697 1 0.0 1 -0.36140645786223957 -1 0.9258102130128691
698 1 0.0 1 -0.36140645786223957 -1 0.9258102130128691
699 1 0.0 1 -0.36140645786223957 -1 0.9258102130128691
700 1 0.0 1 -0.36140645786223957 -1 0.9258102130128691
701 1 0.0 1 -0.36140645786223957 -1 0.9258102130128691
702 1 0.0 1 -0.36140645786223957 -1 0.9258102130128691
703 1 0.0 1 -0.36140645786223957 -1 0.9258102130128691
704 1 0.0 1 -0.36140645786223957 -1 0.9258102130128691
705 1 0.0 1 -0.36140645786223957 -1 0.9258102130128691
706 1 0.0 1 -0.36140645786223957 -1 0.9258102130128691
707 1 0.0 1 -0.36140645786223957 -1 0.9258102130128691
708 1 0.0 1 -0.36140645786223957 -1 0.9258102130128691
709 1 0.0 1 -0.36140645786223957 -1 0.9258102130128691
710 1 0.0 1 -0.36140645786223957 -1 0.9258102130128691
711 1 0.0 1 -0.36140645786223957 -1 0.9258102130128691
712 1 0.0 1 -0.36140645786223957 -1 0.9258102130128691
713 1 0.0 1 -0.36140645786223957 -1 0.9258102130128691
714 1 0.0 1 -0.36140645786223957 -1 0.9258102130128691
715 1 0.0 1 -0.36140645786223957 -1 0.9258102130128691
716 1 0.0 1 -0.36140645786223957 -1 0.9258102130128691
717 1 0.0 1 -0.36140645786223957 -1 0.9258102130128691
718 1 0.0 1 -0.36140645786223957 -1 0.9258102130128691
719 1 0.0 1 -0.36140645786223957 -1 0.9258102130128691
720 1 0.0 1 -0.36140645786223957 -1 0.9258102130128691
721 1 0.0 1 -0.36140645786223957 -1 0.9258102130128691
722 1 0.0 1 -0.36140645786223957 -1 0.9258102130128691
723 1 0.0 1 -0.36140645786223957 -1 0.9258102130128691
724 1 0.0 1 -0.36140645786223957 -1 0.9258102130128691
725 1 0.0 1 -0.36140645786223957 -1 0.9258102130128691
726 1 0.0 1 -0.36140645786223957 -1 0.9258102130128691
727 1 0.0 1 -0.36140645786223957 -1 0.9258102130128691
728 1 0.0 1 -0.36140645786223957 -1 0.9258102130128691
729 1 0.0 1 -0.36140645786223957 -1 0.9258102130128691
730 1 0.0 1 -0.36140645786223957 -1 0.9258102130128691
731 1 0.0 1 -0.36140645786223957 -1 0.9258102130128691
732 1 0.0 1 -0.36140645786223957 -1 0.9258102130128691
733 1 0.0 1 -0.36140645786223957 -1 0.9258102130128691
734 1 0.0 1 -0.36140645786223957 -1 0.9258102130128691
735 1 0.0 1 -0.36140645786223957 -1 0.9258102130128691
736 1 0.0 1 -0.36140645786223957 -1 0.9258102130128691
737 1 0.0 1 -0.36140645786223957 -1 0.9258102130128691
738 1 0.0 1 -0.36140645786223957 -1 0.9258102130128691
739 1 0.0 1 -0.36140645786223957 -1 0.9258102130128691
740 1 0.0 1 -0.36140645786223957 -1 0.9258102130128691
741 1 0.0 1 -0.36140645786223957 -1 0.9258102130128691
742 1 0.0 1 -0.36140645786223957 -1 0.9258102130128691
743 1 0.0 1 -0.36140645786223957 -1 0.9258102130128691
744 1 0.0 1 -0.36140645786223957 -1 0.9258102130128691
745 1 0.0 1 -0.36140645786223957 -1 0.9258102130128691
746 1 0.0 1 -0.36140645786223957 -1 0.9258102130128691
747 1 0.0 1 -0.36140645786223957 -1 0.9258102130128691
748 1 0.0 1 -0.36140645786223957 -1 0.9258102130128691
749 1 0.0 1 -0.36140645786223957 -1 0.9258102130128691
750 1 0.0 1 -0.36140645786223957 -1 0.9258102130128691
751 1 0.0 1 -0.36140645786223957 -1 0.9258102130128691
752 1 0.0 1 -0.36140645786223957 -1 0.9258102130128691
753 1 0.0 1 -0.36140645786223957 -1 0.9258102130128691
754 1 0.0 1 -0.36140645786223957 -1 0.9258102130128691
755 1 0.0 1 -0.36140645786223957 -1 0.9258102130128691
756 1 0.0 1 -0.36140645786223957 -1 0.9258102130128691
757 1 0.0 1 -0.36140645786223957 -1 0.9258102130128691
758 1 0.0 1 -0.36140645786223957 -1 0.9258102130128691
759 1 0.0 1 -0.36140645786223957 -1 0.9258102130128691
760 1 0.0 1 -0.36140645786223957 -1 0.9258102130128691
761 1 0.0 1 -0.36140645786223957 -1 0.9258102130128691
762 1 0.0 1 -0.36140645786223957 -1 0.9258102130128691
763 1 0.0 1 -0.36140645786223957 -1 0.9258102130128691
764 1 0.0 1 -0.36140645786223957 -1 0.9258102130128691
765 1 0.0 1 -0.36140645786223957 -1 0.9258102130128691
766 1 0.0 1 -0.36140645786223957 -1 0.9258102130128691
767 1 0.0 1 -0.36140645786223957 -1 0.9258102130128691
768 1 0.0 1 -0.36140645786223957 -1 0.9258102130128691
769 1 0.0 1 -0.36140645786223957 -1 0.9258102130128691
770 1 0.0 1 -0.36140645786223957 -1 0.9258102130128691
771 1 0.0 1 -0.36140645786223957 -1 0.9258102130128691
772 1 0.0 1 -0.36140645786223957 -1 0.9258102130128691
773 1 0.0 1 -0.36140645786223957 -1 0.9258102130128691
774 1 0.0 1 -0.36140645786223957 -1 0.9258102130128691
775 1 0.0 1 -0.36140645786223957 -1 0.9258102130128691
776 1 0.0 1 -0.36140645786223957 -1 0.9258102130128691
777 1 0.0 1 -0.36140645786223957 -1 0.9258102130128691
778 1 0.0 1 -0.36140645786223957 -1 0.9258102130128691
779 1 0.0 1 -0.36140645786223957 -1 0.9258102130128691
780 1 0.0 1 -0.36140645786223957 -1 0.9258102130128691
781 1 0.0 1 -0.36140645786223957 -1 0.9258102130128691
782 1 0.0 1 -0.36140645786223957 -1 0.9258102130128691
783 1 0.0 1 -0.36140645786223957 -1 0.9258102130128691
784 1 0.0 1 -0.36140645786223957 -1 0.9258102130128691
785 1 0.0 1 -0.36140645786223957 -1 0.9258102130128691
786 1 0.0 1 -0.36140645786223957 -1 0.9258102130128691
787 1 0.0 1 -0.36140645786223957 -1 0.9258102130128691
788 1 0.0 1 -0.36140645786223957 -1 0.9258102130128691
789 1 0.0 1 -0.36140645786223957 -1 0.9258102130128691
790 1 0.0 1 -0.36140645786223957 -1 0.9258102130128691
791 1 0.0 1 -0.36140645786223957 -1 0.9258102130128691
792 1 0.0 1 -0.36140645786223957 -1 0.9258102130128691
793 1 0.0 1 -0.36140645786223957 -1 0.9258102130128691
794 1 0.0 1 -0.36140645786223957 -1 0.9258102130128691
795 1 0.0 1 -0.36140645786223957 -1 0.9258102130128691
796 1 0.0 1 -0.36140645786223957 -1 0.9258102130128691
797 1 0.0 1 -0.36140645786223957 -1 0.9258102130128691
798 1 0.0 1 -0.36140645786223957 -1 0.9258102130128691
799 1 0.0 1 -0.36140645786223957 -1 0.9258102130128691
800 1 0.0 1 -0.36140645786223957 -1 0.9258102130128691
801 1 0.0 1 -0.36140645786223957 -1 0.9258102130128691
802 1 0.0 1 -0.36140645786223957 -1 0.9258102130128691
803 1 0.0 1 -0.36140645786223957 -1 0.9258102130128691
804 1 0.0 1 -0.36140645786223957 -1 0.9258102130128691
805 1 0.0 1 -0.36140645786223957 -1 0.9258102130128691
806 1 0.0 1 -0.36140645786223957 -1 0.9258102130128691
807 1 0.0 1 -0.36140645786223957 -1 0.9258102130128691
808 1 0.0 1 -0.36140645786223957 -1 0.9258102130128691
809 1 0.0 1 -0.36140645786223957 -1 0.9258102130128691
810 1 0.0 1 -0.36140645786223957 -1 0.9258102130128691
811 1 0.0 1 -0.36140645786223957 -1 0.9258102130128691
812 1 0.0 1 -0.36140645786223957 -1 0.9258102130128691
813 1 0.0 1 -0.36140645786223957 -1 0.9258102130128691
814 1 0.0 1 -0.36140645786223957 -1 0.9258102130128691
815 1 0.0 1 -0.36140645786223957 -1 0.9258102130128691
816 1 0.0 1 -0.36140645786223957 -1 0.9258102130128691
817 1 0.0 1 -0.36140645786223957 -1 0.9258102130128691
818 1 0.0 1 -0.36140645786223957 -1 0.9258102130128691
819 1 0.0 1 -0.36140645786223957 -1 0.9258102130128691
820 1 0.0 1 -0.36140645786223957 -1 0.9258102130128691
821 1 0.0 1 -0.36140645786223957 -1 0.9258102130128691
822 1 0.0 1 -0.36140645786223957 -1 0.9258102130128691
823 1 0.0 1 -0.36140645786223957 -1 0.9258102130128691
824 1 0.0 1 -0.36140645786223957 -1 0.9258102130128691
825 1 0.0 1 -0.36140645786223957 -1 0.9258102130128691
826 1 0.0 1 -0.36140645786223957 -1 0.9258102130128691
827 1 0.0 1 -0.36140645786223957 -1 0.9258102130128691
828 1 0.0 1 -0.36140645786223957 -1 0.9258102130128691
829 1 0.0 1 -0.36140645786223957 -1 0.9258102130128691
830 1 0.0 1 -0.36140645786223957 -1 0.9258102130128691
831 1 0.0 1 -0.36140645786223957 -1 0.9258102130128691
832 1 0.0 1 -0.36140645786223957 -1 0.9258102130128691
833 1 0.0 1 -0.36140645786223957 -1 0.9258102130128691
834 1 0.0 1 -0.36140645786223957 -1 0.9258102130128691
835 1 0.0 1 -0.36140645786223957 -1 0.9258102130128691
836 1 0.0 1 -0.36140645786223957 -1 0.9258102130128691
837 1 0.0 1 -0.36140645786223957 -1 0.9258102130128691
838 1 0.0 1 -0.36140645786223957 -1 0.9258102130128691
839 1 0.0 1 -0.36140645786223957 -1 0.9258102130128691
840 1 0.0 1 -0.36140645786223957 -1 0.9258102130128691
841 1 0.0 1 -0.36140645786223957 -1 0.9258102130128691
842 1 0.0 1 -0.36140645786223957 -1 0.9258102130128691
843 1 0.0 1 -0.36140645786223957 -1 0.9258102130128691
844 1 0.0 1 -0.36140645786223957 -1 0.9258102130128691
845 1 0.0 1 -0.36140645786223957 -1 0.9258102130128691
846 1 0.0 1 -0.36140645786223957 -1 0.9258102130128691
847 1 0.0 1 -0.36140645786223957 -1 0.9258102130128691
848 1 0.0 1 -0.36140645786223957 -1 0.9258102130128691
849 1 0.0 1 -0.36140645786223957 -1 0.9258102130128691
850 1 0.0 1 -0.36140645786223957 -1 0.9258102130128691
851 1 0.0 1 -0.36140645786223957 -1 0.9258102130128691
852 1 0.0 1 -0.36140645786223957 -1 0.9258102130128691
853 1 0.0 1 -0.36140645786223957 -1 0.9258102130128691
854 1 0.0 1 -0.36140645786223957 -1 0.9258102130128691
855 1 0.0 1 -0.36140645786223957 -1 0.9258102130128691
856 1 0.0 1 -0.36140645786223957 -1 0.9258102130128691
857 1 0.0 1 -0.36140645786223957 -1 0.9258102130128691
858 1 0.0 1 -0.36140645786223957 -1 0.9258102130128691
859 1 0.0 1 -0.36140645786223957 -1 0.9258102130128691
860 1 0.0 1 -0.36140645786223957 -1 0.9258102130128691
861 1 0.0 1 -0.36140645786223957 -1 0.9258102130128691
862 1 0.0 1 -0.36140645786223957 -1 0.9258102130128691
863 1 0.0 1 -0.36140645786223957 -1 0.9258102130128691
864 1 0.0 1 -0.36140645786223957 -1 0.9258102130128691
865 1 0.0 1 -0.36140645786223957 -1 0.9258102130128691
866 1 0.0 1 -0.36140645786223957 -1 0.9258102130128691
867 1 0.0 1 -0.36140645786223957 -1 0.9258102130128691
868 1 0.0 1 -0.36140645786223957 -1 0.9258102130128691
869 1 0.0 1 -0.36140645786223957 -1 0.9258102130128691
870 1 0.0 1 -0.36140645786223957 -1 0.9258102130128691
871 1 0.0 1 -0.36140645786223957 -1 0.9258102130128691
872 1 0.0 1 -0.36140645786223957 -1 0.9258102130128691
873 1 0.0 1 -0.36140645786223957 -1 0.9258102130128691
874 1 0.0 1 -0.36140645786223957 -1 0.9258102130128691
875 1 0.0 1 -0.36140645786223957 -1 0.9258102130128691
876 1 0.0 1 -0.36140645786223957 -1 0.9258102130128691
877 1 0.0 1 -0.36140645786223957 -1 0.9258102130128691
878 1 0.0 1 -0.36140645786223957 -1 0.9258102130128691
879 1 0.0 1 -0.36140645786223957 -1 0.9258102130128691
880 1 0.0 1 -0.36140645786223957 -1 0.9258102130128691
881 1 0.0 1 -0.36140645786223957 -1 0.9258102130128691
882 1 0.0 1 -0.36140645786223957 -1 0.9258102130128691
883 1 0.0 1 -0.36140645786223957 -1 0.9258102130128691
884 1 0.0 1 -0.36140645786223957 -1 0.9258102130128691
885 1 0.0 1 -0.36140645786223957 -1 0.9258102130128691
886 1 0.0 1 -0.36140645786223957 -1 0.9258102130128691
887 1 0.0 1 -0.36140645786223957 -1 0.9258102130128691
888 1 0.0 1 -0.36140645786223957 -1 0.9258102130128691
889 1 0.0 1 -0.36140645786223957 -1 0.9258102130128691
890 1 0.0 1 -0.36140645786223957 -1 0.9258102130128691
891 1 0.0 1 -0.36140645786223957 -1 0.9258102130128691
892 1 0.0 1 -0.36140645786223957 -1 0.9258102130128691
893 1 0.0 1 -0.36140645786223957 -1 0.9258102130128691
894 1 0.0 1 -0.36140645786223957 -1 0.9258102130128691
895 1 0.0 1 -0.36140645786223957 -1 0.9258102130128691
896 1 0.0 1 -0.36140645786223957 -1 0.9258102130128691
897 1 0.0 1 -0.36140645786223957 -1 0.9258102130128691
898 1 0.0 1 -0.36140645786223957 -1 0.9258102130128691
899 1 0.0 1 -0.36140645786223957 -1 0.9258102130128691
900 1 0.0 1 -0.36140645786223957 -1 0.9258102130128691
901 1 0.0 1 -0.36140645786223957 -1 0.9258102130128691
902 1 0.0 1 -0.36140645786223957 -1 0.9258102130128691
903 1 0.0 1 -0.36140645786223957 -1 0.9258102130128691
904 1 0.0 1 -0.36140645786223957 -1 0.9258102130128691
905 1 0.0 1 -0.36140645786223957 -1 0.9258102130128691
906 1 0.0 1 -0.36140645786223957 -1 0.9258102130128691
907 1 0.0 1 -0.36140645786223957 -1 0.9258102130128691
908 1 0.0 1 -0.36140645786223957 -1 0.9258102130128691
909 1 0.0 1 -0.36140645786223957 -1 0.9258102130128691
910 1 0.0 1 -0.36140645786223957 -1 0.9258102130128691
911 1 0.0 1 -0.36140645786223957 -1 0.9258102130128691
912 1 0.0 1 -0.36140645786223957 -1 0.9258102130128691
913 1 0.0 1 -0.36140645786223957 -1 0.9258102130128691
914 1 0.0 1 -0.36140645786223957 -1 0.9258102130128691
915 1 0.0 1 -0.36140645786223957 -1 0.9258102130128691
916 1 0.0 1 -0.36140645786223957 -1 0.9258102130128691
917 1 0.0 1 -0.36140645786223957 -1 0.9258102130128691
918 1 0.0 1 -0.36140645786223957 -1 0.9258102130128691
919 1 0.0 1 -0.36140645786223957 -1 0.9258102130128691
920 1 0.0 1 -0.36140645786223957 -1 0.9258102130128691
921 1 0.0 1 -0.36140645786223957 -1 0.9258102130128691
922 1 0.0 1 -0.36140645786223957 -1 0.9258102130128691
923 1 0.0 1 -0.36140645786223957 -1 0.9258102130128691
924 1 0.0 1 -0.36140645786223957 -1 0.9258102130128691
925 1 0.0 1 -0.36140645786223957 -1 0.9258102130128691
926 1 0.0 1 -0.36140645786223957 -1 0.9258102130128691
927 1 0.0 1 -0.36140645786223957 -1 0.9258102130128691
928 1 0.0 1 -0.36140645786223957 -1 0.9258102130128691
929 1 0.0 1 -0.36140645786223957 -1 0.9258102130128691
930 1 0.0 1 -0.36140645786223957 -1 0.9258102130128691
931 1 0.0 1 -0.36140645786223957 -1 0.9258102130128691
932 1 0.0 1 -0.36140645786223957 -1 0.9258102130128691
933 1 0.0 1 -0.36140645786223957 -1 0.9258102130128691
934 1 0.0 1 -0.36140645786223957 -1 0.9258102130128691
935 1 0.0 1 -0.36140645786223957 -1 0.9258102130128691
936 1 0.0 1 -0.36140645786223957 -1 0.9258102130128691
937 1 0.0 1 -0.36140645786223957 -1 0.9258102130128691
938 1 0.0 1 -0.36140645786223957 -1 0.9258102130128691
939 1 0.0 1 -0.36140645786223957 -1 0.9258102130128691
940 1 0.0 1 -0.36140645786223957 -1 0.9258102130128691
941 1 0.0 1 -0.36140645786223957 -1 0.9258102130128691
942 1 0.0 1 -0.36140645786223957 -1 0.9258102130128691
943 1 0.0 1 -0.36140645786223957 -1 0.9258102130128691
944 1 0.0 1 -0.36140645786223957 -1 0.9258102130128691
945 1 0.0 1 -0.36140645786223957 -1 0.9258102130128691
946 1 0.0 1 -0.36140645786223957 -1 0.9258102130128691
947 1 0.0 1 -0.36140645786223957 -1 0.9258102130128691
948 1 0.0 1 -0.36140645786223957 -1 0.9258102130128691
949 1 0.0 1 -0.36140645786223957 -1 0.9258102130128691
950 1 0.0 1 -0.36140645786223957 -1 0.9258102130128691
951 1 0.0 1 -0.36140645786223957 -1 0.9258102130128691
952 1 0.0 1 -0.36140645786223957 -1 0.9258102130128691
953 1 0.0 1 -0.36140645786223957 -1 0.9258102130128691
954 1 0.0 1 -0.36140645786223957 -1 0.9258102130128691
955 1 0.0 1 -0.36140645786223957 -1 0.9258102130128691
956 1 0.0 1 -0.36140645786223957 -1 0.9258102130128691
957 1 0.0 1 -0.36140645786223957 -1 0.9258102130128691
958 1 0.0 1 -0.36140645786223957 -1 0.9258102130128691
959 1 0.0 1 -0.36140645786223957 -1 0.9258102130128691
960 1 0.0 1 -0.36140645786223957 -1 0.9258102130128691
961 1 0.0 1 -0.36140645786223957 -1 0.9258102130128691
962 1 0.0 1 -0.36140645786223957 -1 0.9258102130128691
963 1 0.0 1 -0.36140645786223957 -1 0.9258102130128691
964 1 0.0 1 -0.36140645786223957 -1 0.9258102130128691
965 1 0.0 1 -0.36140645786223957 -1 0.9258102130128691
966 1 0.0 1 -0.36140645786223957 -1 0.9258102130128691
967 1 0.0 1 -0.36140645786223957 -1 0.9258102130128691
968 1 0.0 1 -0.36140645786223957 -1 0.9258102130128691
969 1 0.0 1 -0.36140645786223957 -1 0.9258102130128691
970 1 0.0 1 -0.36140645786223957 -1 0.9258102130128691
971 1 0.0 1 -0.36140645786223957 -1 0.9258102130128691
972 1 0.0 1 -0.36140645786223957 -1 0.9258102130128691
973 1 0.0 1 -0.36140645786223957 -1 0.9258102130128691
974 1 0.0 1 -0.36140645786223957 -1 0.9258102130128691
975 1 0.0 1 -0.36140645786223957 -1 0.9258102130128691
976 1 0.0 1 -0.36140645786223957 -1 0.9258102130128691
977 1 0.0 1 -0.36140645786223957 -1 0.9258102130128691
978 1 0.0 1 -0.36140645786223957 -1 0.9258102130128691
979 1 0.0 1 -0.36140645786223957 -1 0.9258102130128691
980 1 0.0 1 -0.36140645786223957 -1 0.9258102130128691
981 1 0.0 1 -0.36140645786223957 -1 0.9258102130128691
982 1 0.0 1 -0.36140645786223957 -1 0.9258102130128691
983 1 0.0 1 -0.36140645786223957 -1 0.9258102130128691
984 1 0.0 1 -0.36140645786223957 -1 0.9258102130128691
985 1 0.0 1 -0.36140645786223957 -1 0.9258102130128691
986 1 0.0 1 -0.36140645786223957 -1 0.9258102130128691
987 1 0.0 1 -0.36140645786223957 -1 0.9258102130128691
988 1 0.0 1 -0.36140645786223957 -1 0.9258102130128691
989 1 0.0 1 -0.36140645786223957 -1 0.9258102130128691
990 1 0.0 1 -0.36140645786223957 -1 0.9258102130128691
991 1 0.0 1 -0.36140645786223957 -1 0.9258102130128691
992 1 0.0 1 -0.36140645786223957 -1 0.9258102130128691
993 1 0.0 1 -0.36140645786223957 -1 0.9258102130128691
994 1 0.0 1 -0.36140645786223957 -1 0.9258102130128691
995 1 0.0 1 -0.36140645786223957 -1 0.9258102130128691
996 1 0.0 1 -0.36140645786223957 -1 0.9258102130128691
997 1 0.0 1 -0.36140645786223957 -1 0.9258102130128691
998 1 0.0 1 -0.36140645786223957 -1 0.9258102130128691
999 1 0.0 1 -0.36140645786223957 -1 0.9258102130128691
1000 1 0.0 1 -0.36140645786223957 -1 0.9258102130128691
1001 1 0.0 1 -0.36140645786223957 -1 0.9258102130128691
1002 1 0.0 1 -0.36140645786223957 -1 0.9258102130128691
1003 1 0.0 1 -0.36140645786223957 -1 0.9258102130128691
1004 1 0.0 1 -0.36140645786223957 -1 0.9258102130128691
1005 1 0.0 1 -0.36140645786223957 -1 0.9258102130128691
1006 1 0.0 1 -0.36140645786223957 -1 0.9258102130128691
1007 1 0.0 1 -0.36140645786223957 -1 0.9258102130128691
1008 1 0.0 1 -0.36140645786223957 -1 0.9258102130128691
1009 1 0.0 1 -0.36140645786223957 -1 0.9258102130128691
1010 1 0.0 1 -0.36140645786223957 -1 0.9258102130128691
1011 1 0.0 1 -0.36140645786223957 -1 0.9258102130128691
1012 1 0.0 1 -0.36140645786223957 -1 0.9258102130128691
1013 1 0.0 1 -0.36140645786223957 -1 0.9258102130128691
1014 1 0.0 1 -0.36140645786223957 -1 0.9258102130128691
1015 1 0.0 1 -0.36140645786223957 -1 0.9258102130128691
1016 1 0.0 1 -0.36140645786223957 -1 0.9258102130128691
1017 1 0.0 1 -0.36140645786223957 -1 0.9258102130128691
1018 1 0.0 1 -0.36140645786223957 -1 0.9258102130128691
1019 1 0.0 1 -0.36140645786223957 -1 0.9258102130128691
1020 1 0.0 1 -0.36140645786223957 -1 0.9258102130128691
1021 1 0.0 1 -0.36140645786223957 -1 0.9258102130128691
1022 1 0.0 1 -0.36140645786223957 -1 0.9258102130128691
1023 1 0.0 1 -0.36140645786223957 -1 0.9258102130128691
1024 1 0.0 1 -0.36140645786223957 -1 0.9258102130128691
1025 1 0.0 1 -0.36140645786223957 -1 0.9258102130128691
1026 1 0.0 1 -0.36140645786223957 -1 0.9258102130128691
1027 1 0.0 1 -0.36140645786223957 -1 0.9258102130128691
1028 1 0.0 1 -0.36140645786223957 -1 0.9258102130128691
1029 1 0.0 1 -0.36140645786223957 -1 0.9258102130128691
1030 1 0.0 1 -0.36140645786223957 -1 0.9258102130128691
1031 1 0.0 1 -0.36140645786223957 -1 0.9258102130128691
1032 1 0.0 1 -0.36140645786223957 -1 0.9258102130128691
1033 1 0.0 1 -0.36140645786223957 -1 0.9258102130128691
1034 1 0.0 1 -0.36140645786223957 -1 0.9258102130128691
1035 1 0.0 1 -0.36140645786223957 -1 0.9258102130128691
1036 1 0.0 1 -0.36140645786223957 -1 0.9258102130128691
1037 1 0.0 1 -0.36140645786223957 -1 0.9258102130128691
1038 1 0.0 1 -0.36140645786223957 -1 0.9258102130128691
1039 1 0.0 1 -0.36140645786223957 -1 0.9258102130128691
1040 1 0.0 1 -0.36140645786223957 -1 0.9258102130128691
1041 1 0.0 1 -0.36140645786223957 -1 0.9258102130128691
1042 1 0.0 1 -0.36140645786223957 -1 0.9258102130128691
1043 1 0.0 1 -0.36140645786223957 -1 0.9258102130128691
1044 1 0.0 1 -0.36140645786223957 -1 0.9258102130128691
1045 1 0.0 1 -0.36140645786223957 -1 0.9258102130128691
1046 1 0.0 1 -0.36140645786223957 -1 0.9258102130128691
1047 1 0.0 1 -0.36140645786223957 -1 0.9258102130128691
1048 1 0.0 1 -0.36140645786223957 -1 0.9258102130128691
1049 1 0.0 1 -0.36140645786223957 -1 0.9258102130128691
1050 1 0.0 1 -0.36140645786223957 -1 0.9258102130128691
1051 1 0.0 1 -0.36140645786223957 -1 0.9258102130128691
1052 1 0.0 1 -0.36140645786223957 -1 0.9258102130128691
1053 1 0.0 1 -0.36140645786223957 -1 0.9258102130128691
1054 1 0.0 1 -0.36140645786223957 -1 0.9258102130128691
1055 1 0.0 1 -0.36140645786223957 -1 0.9258102130128691
1056 1 0.0 1 -0.36140645786223957 -1 0.9258102130128691
1057 1 0.0 1 -0.36140645786223957 -1 0.9258102130128691
1058 1 0.0 1 -0.36140645786223957 -1 0.9258102130128691
1059 1 0.0 1 -0.36140645786223957 -1 0.9258102130128691
1060 1 0.0 1 -0.36140645786223957 -1 0.9258102130128691
1061 1 0.0 1 -0.36140645786223957 -1 0.9258102130128691
1062 1 0.0 1 -0.36140645786223957 -1 0.9258102130128691
1063 1 0.0 1 -0.36140645786223957 -1 0.9258102130128691
1064 1 0.0 1 -0.36140645786223957 -1 0.9258102130128691
1065 1 0.0 1 -0.36140645786223957 -1 0.9258102130128691
1066 1 0.0 1 -0.36140645786223957 -1 0.9258102130128691
1067 1 0.0 1 -0.36140645786223957 -1 0.9258102130128691
1068 1 0.0 1 -0.36140645786223957 -1 0.9258102130128691
1069 1 0.0 1 -0.36140645786223957 -1 0.9258102130128691
1070 1 0.0 1 -0.36140645786223957 -1 0.9258102130128691
1071 1 0.0 1 -0.36140645786223957 -1 0.9258102130128691
1072 1 0.0 1 -0.36140645786223957 -1 0.9258102130128691
1073 1 0.0 1 -0.36140645786223957 -1 0.9258102130128691
1074 1 0.0 1 -0.36140645786223957 -1 0.9258102130128691
1075 1 0.0 1 -0.36140645786223957 -1 0.9258102130128691
1076 1 0.0 1 -0.36140645786223957 -1 0.9258102130128691
1077 1 0.0 1 -0.36140645786223957 -1 0.9258102130128691
1078 1 0.0 1 -0.36140645786223957 -1 0.9258102130128691
1079 1 0.0 1 -0.36140645786223957 -1 0.9258102130128691
1080 1 0.0 1 -0.36140645786223957 -1 0.9258102130128691
1081 1 0.0 1 -0.36140645786223957 -1 0.9258102130128691
1082 1 0.0 1 -0.36140645786223957 -1 0.9258102130128691
1083 1 0.0 1 -0.36140645786223957 -1 0.9258102130128691
1084 1 0.0 1 -0.36140645786223957 -1 0.9258102130128691
1085 1 0.0 1 -0.36140645786223957 -1 0.9258102130128691
1086 1 0.0 1 -0.36140645786223957 -1 0.9258102130128691
1087 1 0.0 1 -0.36140645786223957 -1 0.9258102130128691
1088 1 0.0 1 -0.36140645786223957 -1 0.9258102130128691
1089 1 0.0 1 -0.36140645786223957 -1 0.9258102130128691
1090 1 0.0 1 -0.36140645786223957 -1 0.9258102130128691
1091 1 0.0 1 -0.36140645786223957 -1 0.9258102130128691
1092 1 0.0 1 -0.36140645786223957 -1 0.9258102130128691
1093 1 0.0 1 -0.36140645786223957 -1 0.9258102130128691
1094 1 0.0 1 -0.36140645786223957 -1 0.9258102130128691
1095 1 0.0 1 -0.36140645786223957 -1 0.9258102130128691
1096 1 0.0 1 -0.36140645786223957 -1 0.9258102130128691
1097 1 0.0 1 -0.36140645786223957 -1 0.9258102130128691
1098 1 0.0 1 -0.36140645786223957 -1 0.9258102130128691
1099 1 0.0 1 -0.36140645786223957 -1 0.9258102130128691
1100 1 0.0 1 -0.36140645786223957 -1 0.9258102130128691
1101 1 0.0 1 -0.36140645786223957 -1 0.9258102130128691
1102 1 0.0 1 -0.36140645786223957 -1 0.9258102130128691
1103 1 0.0 1 -0.36140645786223957 -1 0.9258102130128691
1104 1 0.0 1 -0.36140645786223957 -1 0.9258102130128691
1105 1 0.0 1 -0.36140645786223957 -1 0.9258102130128691
1106 1 0.0 1 -0.36140645786223957 -1 0.9258102130128691
1107 1 0.0 1 -0.36140645786223957 -1 0.9258102130128691
1108 1 0.0 1 -0.36140645786223957 -1 0.9258102130128691
1109 1 0.0 1 -0.36140645786223957 -1 0.9258102130128691
1110 1 0.0 1 -0.36140645786223957 -1 0.9258102130128691
1111 1 0.0 1 -0.36140645786223957 -1 0.9258102130128691
1112 1 0.0 1 -0.36140645786223957 -1 0.9258102130128691
1113 1 0.0 1 -0.36140645786223957 -1 0.9258102130128691
1114 1 0.0 1 -0.36140645786223957 -1 0.9258102130128691
1115 1 0.0 1 -0.36140645786223957 -1 0.9258102130128691
1116 1 0.0 1 -0.36140645786223957 -1 0.9258102130128691
1117 1 0.0 1 -0.36140645786223957 -1 0.9258102130128691
1118 1 0.0 1 -0.36140645786223957 -1 0.9258102130128691
1119 1 0.0 1 -0.36140645786223957 -1 0.9258102130128691
1120 1 0.0 1 -0.36140645786223957 -1 0.9258102130128691
1121 1 0.0 1 -0.36140645786223957 -1 0.9258102130128691
1122 1 0.0 1 -0.36140645786223957 -1 0.9258102130128691
1123 1 0.0 1 -0.36140645786223957 -1 0.9258102130128691
1124 1 0.0 1 -0.36140645786223957 -1 0.9258102130128691
1125 1 0.0 1 -0.36140645786223957 -1 0.9258102130128691
1126 1 0.0 1 -0.36140645786223957 -1 0.9258102130128691
1127 1 0.0 1 -0.36140645786223957 -1 0.9258102130128691
1128 1 0.0 1 -0.36140645786223957 -1 0.9258102130128691
1129 1 0.0 1 -0.36140645786223957 -1 0.9258102130128691
1130 1 0.0 1 -0.36140645786223957 -1 0.9258102130128691
1131 1 0.0 1 -0.36140645786223957 -1 0.9258102130128691
1132 1 0.0 1 -0.36140645786223957 -1 0.9258102130128691
1133 1 0.0 1 -0.36140645786223957 -1 0.9258102130128691
1134 1 0.0 1 -0.36140645786223957 -1 0.9258102130128691
1135 1 0.0 1 -0.36140645786223957 -1 0.9258102130128691
1136 1 0.0 1 -0.36140645786223957 -1 0.9258102130128691
1137 1 0.0 1 -0.36140645786223957 -1 0.9258102130128691
1138 1 0.0 1 -0.36140645786223957 -1 0.9258102130128691
1139 1 0.0 1 -0.36140645786223957 -1 0.9258102130128691
1140 1 0.0 1 -0.36140645786223957 -1 0.9258102130128691
1141 1 0.0 1 -0.36140645786223957 -1 0.9258102130128691
1142 1 0.0 1 -0.36140645786223957 -1 0.9258102130128691
1143 1 0.0 1 -0.36140645786223957 -1 0.9258102130128691
1144 1 0.0 1 -0.36140645786223957 -1 0.9258102130128691
1145 1 0.0 1 -0.36140645786223957 -1 0.9258102130128691
1146 1 0.0 1 -0.36140645786223957 -1 0.9258102130128691
1147 1 0.0 1 -0.36140645786223957 -1 0.9258102130128691
1148 1 0.0 1 -0.36140645786223957 -1 0.9258102130128691
1149 1 0.0 1 -0.36140645786223957 -1 0.9258102130128691
1150 1 0.0 1 -0.36140645786223957 -1 0.9258102130128691
1151 1 0.0 1 -0.36140645786223957 -1 0.9258102130128691
1152 1 0.0 1 -0.36140645786223957 -1 0.9258102130128691
1153 1 0.0 1 -0.36140645786223957 -1 0.9258102130128691
1154 1 0.0 1 -0.36140645786223957 -1 0.9258102130128691
1155 1 0.0 1 -0.36140645786223957 -1 0.9258102130128691
1156 1 0.0 1 -0.36140645786223957 -1 0.9258102130128691
1157 1 0.0 1 -0.36140645786223957 -1 0.9258102130128691
1158 1 0.0 1 -0.36140645786223957 -1 0.9258102130128691
1159 1 0.0 1 -0.36140645786223957 -1 0.9258102130128691
1160 1 0.0 1 -0.36140645786223957 -1 0.9258102130128691
1161 1 0.0 1 -0.36140645786223957 -1 0.9258102130128691
1162 1 0.0 1 -0.36140645786223957 -1 0.9258102130128691
1163 1 0.0 1 -0.36140645786223957 -1 0.9258102130128691
1164 1 0.0 1 -0.36140645786223957 -1 0.9258102130128691
1165 1 0.0 1 -0.36140645786223957 -1 0.9258102130128691
1166 1 0.0 1 -0.36140645786223957 -1 0.9258102130128691
1167 1 0.0 1 -0.36140645786223957 -1 0.9258102130128691
1168 1 0.0 1 -0.36140645786223957 -1 0.9258102130128691
1169 1 0.0 1 -0.36140645786223957 -1 0.9258102130128691
1170 1 0.0 1 -0.36140645786223957 -1 0.9258102130128691
1171 1 0.0 1 -0.36140645786223957 -1 0.9258102130128691
1172 1 0.0 1 -0.36140645786223957 -1 0.9258102130128691
1173 1 0.0 1 -0.36140645786223957 -1 0.9258102130128691
1174 1 0.0 1 -0.36140645786223957 -1 0.9258102130128691
1175 1 0.0 1 -0.36140645786223957 -1 0.9258102130128691
1176 1 0.0 1 -0.36140645786223957 -1 0.9258102130128691
1177 1 0.0 1 -0.36140645786223957 -1 0.9258102130128691
1178 1 0.0 1 -0.36140645786223957 -1 0.9258102130128691
1179 1 0.0 1 -0.36140645786223957 -1 0.9258102130128691
1180 1 0.0 1 -0.36140645786223957 -1 0.9258102130128691
1181 1 0.0 1 -0.36140645786223957 -1 0.9258102130128691
1182 1 0.0 1 -0.36140645786223957 -1 0.9258102130128691
1183 1 0.0 1 -0.36140645786223957 -1 0.9258102130128691
1184 1 0.0 1 -0.36140645786223957 -1 0.9258102130128691
1185 1 0.0 1 -0.36140645786223957 -1 0.9258102130128691
1186 1 0.0 1 -0.36140645786223957 -1 0.9258102130128691
1187 1 0.0 1 -0.36140645786223957 -1 0.9258102130128691
1188 1 0.0 1 -0.36140645786223957 -1 0.9258102130128691
1189 1 0.0 1 -0.36140645786223957 -1 0.9258102130128691
1190 1 0.0 1 -0.36140645786223957 -1 0.9258102130128691
1191 1 0.0 1 -0.36140645786223957 -1 0.9258102130128691
1192 1 0.0 1 -0.36140645786223957 -1 0.9258102130128691
1193 1 0.0 1 -0.36140645786223957 -1 0.9258102130128691
1194 1 0.0 1 -0.36140645786223957 -1 0.9258102130128691
1195 1 0.0 1 -0.36140645786223957 -1 0.9258102130128691
1196 1 0.0 1 -0.36140645786223957 -1 0.9258102130128691
1197 1 0.0 1 -0.36140645786223957 -1 0.9258102130128691
1198 1 0.0 1 -0.36140645786223957 -1 0.9258102130128691
1199 1 0.0 1 -0.36140645786223957 -1 0.9258102130128691
1200 1 0.0 1 -0.36140645786223957 -1 0.9258102130128691
1201 1 0.0 1 -0.36140645786223957 -1 0.9258102130128691
1202 1 0.0 1 -0.36140645786223957 -1 0.9258102130128691
1203 1 0.0 1 -0.36140645786223957 -1 0.9258102130128691
1204 1 0.0 1 -0.36140645786223957 -1 0.9258102130128691
1205 1 0.0 1 -0.36140645786223957 -1 0.9258102130128691
1206 1 0.0 1 -0.36140645786223957 -1 0.9258102130128691
1207 1 0.0 1 -0.36140645786223957 -1 0.9258102130128691
1208 1 0.0 1 -0.36140645786223957 -1 0.9258102130128691
1209 1 0.0 1 -0.36140645786223957 -1 0.9258102130128691
1210 1 0.0 1 -0.36140645786223957 -1 0.9258102130128691
1211 1 0.0 1 -0.36140645786223957 -1 0.9258102130128691
1212 1 0.0 1 -0.36140645786223957 -1 0.9258102130128691
1213 1 0.0 1 -0.36140645786223957 -1 0.9258102130128691
1214 1 0.0 1 -0.36140645786223957 -1 0.9258102130128691
1215 1 0.0 1 -0.36140645786223957 -1 0.9258102130128691
1216 1 0.0 1 -0.36140645786223957 -1 0.9258102130128691
1217 1 0.0 1 -0.36140645786223957 -1 0.9258102130128691
1218 1 0.0 1 -0.36140645786223957 -1 0.9258102130128691
1219 1 0.0 1 -0.36140645786223957 -1 0.9258102130128691
1220 1 0.0 1 -0.36140645786223957 -1 0.9258102130128691
1221 1 0.0 1 -0.36140645786223957 -1 0.9258102130128691
1222 1 0.0 1 -0.36140645786223957 -1 0.9258102130128691
1223 1 0.0 1 -0.36140645786223957 -1 0.9258102130128691
1224 1 0.0 1 -0.36140645786223957 -1 0.9258102130128691
1225 1 0.0 1 -0.36140645786223957 -1 0.9258102130128691
1226 1 0.0 1 -0.36140645786223957 -1 0.9258102130128691
1227 1 0.0 1 -0.36140645786223957 -1 0.9258102130128691
1228 1 0.0 1 -0.36140645786223957 -1 0.9258102130128691
1229 1 0.0 1 -0.36140645786223957 -1 0.9258102130128691
1230 1 0.0 1 -0.36140645786223957 -1 0.9258102130128691
1231 1 0.0 1 -0.36140645786223957 -1 0.9258102130128691
1232 1 0.0 1 -0.36140645786223957 -1 0.9258102130128691
1233 1 0.0 1 -0.36140645786223957 -1 0.9258102130128691
1234 1 0.0 1 -0.36140645786223957 -1 0.9258102130128691
1235 1 0.0 1 -0.36140645786223957 -1 0.9258102130128691
1236 1 0.0 1 -0.36140645786223957 -1 0.9258102130128691
1237 1 0.0 1 -0.36140645786223957 -1 0.9258102130128691
1238 1 0.0 1 -0.36140645786223957 -1 0.9258102130128691
1239 1 0.0 1 -0.36140645786223957 -1 0.9258102130128691
1240 1 0.0 1 -0.36140645786223957 -1 0.9258102130128691
1241 1 0.0 1 -0.36140645786223957 -1 0.9258102130128691
1242 1 0.0 1 -0.36140645786223957 -1 0.9258102130128691
1243 1 0.0 1 -0.36140645786223957 -1 0.9258102130128691
1244 1 0.0 1 -0.36140645786223957 -1 0.9258102130128691
1245 1 0.0 1 -0.36140645786223957 -1 0.9258102130128691
1246 1 0.0 1 -0.36140645786223957 -1 0.9258102130128691
1247 1 0.0 1 -0.36140645786223957 -1 0.9258102130128691
1248 1 0.0 1 -0.36140645786223957 -1 0.9258102130128691
1249 1 0.0 1 -0.36140645786223957 -1 0.9258102130128691
1250 1 0.0 1 -0.36140645786223957 -1 0.9258102130128691
1251 1 0.0 1 -0.36140645786223957 -1 0.9258102130128691
1252 1 0.0 1 -0.36140645786223957 -1 0.9258102130128691
1253 1 0.0 1 -0.36140645786223957 -1 0.9258102130128691
1254 1 0.0 1 -0.36140645786223957 -1 0.9258102130128691
1255 1 0.0 1 -0.36140645786223957 -1 0.9258102130128691
1256 1 0.0 1 -0.36140645786223957 -1 0.9258102130128691
1257 1 0.0 1 -0.36140645786223957 -1 0.9258102130128691
1258 1 0.0 1 -0.36140645786223957 -1 0.9258102130128691
1259 1 0.0 1 -0.36140645786223957 -1 0.9258102130128691
1260 1 0.0 1 -0.36140645786223957 -1 0.9258102130128691
1261 1 0.0 1 -0.36140645786223957 -1 0.9258102130128691
1262 1 0.0 1 -0.36140645786223957 -1 0.9258102130128691
1263 1 0.0 1 -0.36140645786223957 -1 0.9258102130128691
1264 1 0.0 1 -0.36140645786223957 -1 0.9258102130128691
1265 1 0.0 1 -0.36140645786223957 -1 0.9258102130128691
1266 1 0.0 1 -0.36140645786223957 -1 0.9258102130128691
1267 1 0.0 1 -0.36140645786223957 -1 0.9258102130128691
1268 1 0.0 1 -0.36140645786223957 -1 0.9258102130128691
1269 1 0.0 1 -0.36140645786223957 -1 0.9258102130128691
1270 1 0.0 1 -0.36140645786223957 -1 0.9258102130128691
1271 1 0.0 1 -0.36140645786223957 -1 0.9258102130128691
1272 1 0.0 1 -0.36140645786223957 -1 0.9258102130128691
1273 1 0.0 1 -0.36140645786223957 -1 0.9258102130128691
1274 1 0.0 1 -0.36140645786223957 -1 0.9258102130128691
1275 1 0.0 1 -0.36140645786223957 -1 0.9258102130128691
1276 1 0.0 1 -0.36140645786223957 -1 0.9258102130128691
1277 1 0.0 1 -0.36140645786223957 -1 0.9258102130128691
1278 1 0.0 1 -0.36140645786223957 -1 0.9258102130128691
1279 1 0.0 1 -0.36140645786223957 -1 0.9258102130128691
1280 1 0.0 1 -0.36140645786223957 -1 0.9258102130128691
1281 1 0.0 1 -0.36140645786223957 -1 0.9258102130128691
1282 1 0.0 1 -0.36140645786223957 -1 0.9258102130128691
1283 1 0.0 1 -0.36140645786223957 -1 0.9258102130128691
1284 1 0.0 1 -0.36140645786223957 -1 0.9258102130128691
1285 1 0.0 1 -0.36140645786223957 -1 0.9258102130128691
1286 1 0.0 1 -0.36140645786223957 -1 0.9258102130128691
1287 1 0.0 1 -0.36140645786223957 -1 0.9258102130128691
1288 1 0.0 1 -0.36140645786223957 -1 0.9258102130128691
1289 1 0.0 1 -0.36140645786223957 -1 0.9258102130128691
1290 1 0.0 1 -0.36140645786223957 -1 0.9258102130128691
1291 1 0.0 1 -0.36140645786223957 -1 0.9258102130128691
1292 1 0.0 1 -0.36140645786223957 -1 0.9258102130128691
1293 1 0.0 1 -0.36140645786223957 -1 0.9258102130128691
1294 1 0.0 1 -0.36140645786223957 -1 0.9258102130128691
1295 1 0.0 1 -0.36140645786223957 -1 0.9258102130128691
1296 1 0.0 1 -0.36140645786223957 -1 0.9258102130128691
1297 1 0.0 1 -0.36140645786223957 -1 0.9258102130128691
1298 1 0.0 1 -0.36140645786223957 -1 0.9258102130128691
1299 1 0.0 1 -0.36140645786223957 -1 0.9258102130128691
1300 1 0.0 1 -0.36140645786223957 -1 0.9258102130128691
1301 1 0.0 1 -0.36140645786223957 -1 0.9258102130128691
1302 1 0.0 1 -0.36140645786223957 -1 0.9258102130128691
1303 1 0.0 1 -0.36140645786223957 -1 0.9258102130128691
1304 1 0.0 1 -0.36140645786223957 -1 0.9258102130128691
1305 1 0.0 1 -0.36140645786223957 -1 0.9258102130128691
1306 1 0.0 1 -0.36140645786223957 -1 0.9258102130128691
1307 1 0.0 1 -0.36140645786223957 -1 0.9258102130128691
1308 1 0.0 1 -0.36140645786223957 -1 0.9258102130128691
1309 1 0.0 1 -0.36140645786223957 -1 0.9258102130128691
1310 1 0.0 1 -0.36140645786223957 -1 0.9258102130128691
1311 1 0.0 1 -0.36140645786223957 -1 0.9258102130128691
1312 1 0.0 1 -0.36140645786223957 -1 0.9258102130128691
1313 1 0.0 1 -0.36140645786223957 -1 0.9258102130128691
1314 1 0.0 1 -0.36140645786223957 -1 0.9258102130128691
1315 1 0.0 1 -0.36140645786223957 -1 0.9258102130128691
1316 1 0.0 1 -0.36140645786223957 -1 0.9258102130128691
1317 1 0.0 1 -0.36140645786223957 -1 0.9258102130128691
1318 1 0.0 1 -0.36140645786223957 -1 0.9258102130128691
1319 1 0.0 1 -0.36140645786223957 -1 0.9258102130128691
1320 1 0.0 1 -0.36140645786223957 -1 0.9258102130128691
1321 1 0.0 1 -0.36140645786223957 -1 0.9258102130128691
1322 1 0.0 1 -0.36140645786223957 -1 0.9258102130128691
1323 1 0.0 1 -0.36140645786223957 -1 0.9258102130128691
1324 1 0.0 1 -0.36140645786223957 -1 0.9258102130128691
1325 1 0.0 1 -0.36140645786223957 -1 0.9258102130128691
1326 1 0.0 1 -0.36140645786223957 -1 0.9258102130128691
1327 1 0.0 1 -0.36140645786223957 -1 0.9258102130128691
1328 1 0.0 1 -0.36140645786223957 -1 0.9258102130128691
1329 1 0.0 1 -0.36140645786223957 -1 0.9258102130128691
1330 1 0.0 1 -0.36140645786223957 -1 0.9258102130128691
1331 1 0.0 1 -0.36140645786223957 -1 0.9258102130128691
1332 1 0.0 1 -0.36140645786223957 -1 0.9258102130128691
1333 1 0.0 1 -0.36140645786223957 -1 0.9258102130128691
1334 1 0.0 1 -0.36140645786223957 -1 0.9258102130128691
1335 1 0.0 1 -0.36140645786223957 -1 0.9258102130128691
1336 1 0.0 1 -0.36140645786223957 -1 0.9258102130128691
1337 1 0.0 1 -0.36140645786223957 -1 0.9258102130128691
1338 1 0.0 1 -0.36140645786223957 -1 0.9258102130128691
1339 1 0.0 1 -0.36140645786223957 -1 0.9258102130128691
1340 1 0.0 1 -0.36140645786223957 -1 0.9258102130128691
1341 1 0.0 1 -0.36140645786223957 -1 0.9258102130128691
1342 1 0.0 1 -0.36140645786223957 -1 0.9258102130128691
1343 1 0.0 1 -0.36140645786223957 -1 0.9258102130128691
1344 1 0.0 1 -0.36140645786223957 -1 0.9258102130128691
1345 1 0.0 1 -0.36140645786223957 -1 0.9258102130128691
1346 1 0.0 1 -0.36140645786223957 -1 0.9258102130128691
1347 1 0.0 1 -0.36140645786223957 -1 0.9258102130128691
1348 1 0.0 1 -0.36140645786223957 -1 0.9258102130128691
1349 1 0.0 1 -0.36140645786223957 -1 0.9258102130128691
1350 1 0.0 1 -0.36140645786223957 -1 0.9258102130128691
1351 1 0.0 1 -0.36140645786223957 -1 0.9258102130128691
1352 1 0.0 1 -0.36140645786223957 -1 0.9258102130128691
1353 1 0.0 1 -0.36140645786223957 -1 0.9258102130128691
1354 1 0.0 1 -0.36140645786223957 -1 0.9258102130128691
1355 1 0.0 1 -0.36140645786223957 -1 0.9258102130128691
1356 1 0.0 1 -0.36140645786223957 -1 0.9258102130128691
1357 1 0.0 1 -0.36140645786223957 -1 0.9258102130128691
1358 1 0.0 1 -0.36140645786223957 -1 0.9258102130128691
1359 1 0.0 1 -0.36140645786223957 -1 0.9258102130128691
1360 1 0.0 1 -0.36140645786223957 -1 0.9258102130128691
1361 1 0.0 1 -0.36140645786223957 -1 0.9258102130128691
1362 1 0.0 1 -0.36140645786223957 -1 0.9258102130128691
1363 1 0.0 1 -0.36140645786223957 -1 0.9258102130128691
1364 1 0.0 1 -0.36140645786223957 -1 0.9258102130128691
1365 1 0.0 1 -0.36140645786223957 -1 0.9258102130128691
1366 1 0.0 1 -0.36140645786223957 -1 0.9258102130128691
1367 1 0.0 1 -0.36140645786223957 -1 0.9258102130128691
1368 1 0.0 1 -0.36140645786223957 -1 0.9258102130128691
1369 1 0.0 1 -0.36140645786223957 -1 0.9258102130128691
1370 1 0.0 1 -0.36140645786223957 -1 0.9258102130128691
1371 1 0.0 1 -0.36140645786223957 -1 0.9258102130128691
1372 1 0.0 1 -0.36140645786223957 -1 0.9258102130128691
1373 1 0.0 1 -0.36140645786223957 -1 0.9258102130128691
1374 1 0.0 1 -0.36140645786223957 -1 0.9258102130128691
1375 1 0.0 1 -0.36140645786223957 -1 0.9258102130128691
1376 1 0.0 1 -0.36140645786223957 -1 0.9258102130128691
1377 1 0.0 1 -0.36140645786223957 -1 0.9258102130128691
1378 1 0.0 1 -0.36140645786223957 -1 0.9258102130128691
1379 1 0.0 1 -0.36140645786223957 -1 0.9258102130128691
1380 1 0.0 1 -0.36140645786223957 -1 0.9258102130128691
1381 1 0.0 1 -0.36140645786223957 -1 0.9258102130128691
1382 1 0.0 1 -0.36140645786223957 -1 0.9258102130128691
1383 1 0.0 1 -0.36140645786223957 -1 0.9258102130128691
1384 1 0.0 1 -0.36140645786223957 -1 0.9258102130128691
1385 1 0.0 1 -0.36140645786223957 -1 0.9258102130128691
1386 1 0.0 1 -0.36140645786223957 -1 0.9258102130128691
1387 1 0.0 1 -0.36140645786223957 -1 0.9258102130128691
1388 1 0.0 1 -0.36140645786223957 -1 0.9258102130128691
1389 1 0.0 1 -0.36140645786223957 -1 0.9258102130128691
1390 1 0.0 1 -0.36140645786223957 -1 0.9258102130128691
1391 1 0.0 1 -0.36140645786223957 -1 0.9258102130128691
1392 1 0.0 1 -0.36140645786223957 -1 0.9258102130128691
1393 1 0.0 1 -0.36140645786223957 -1 0.9258102130128691
1394 1 0.0 1 -0.36140645786223957 -1 0.9258102130128691
1395 1 0.0 1 -0.36140645786223957 -1 0.9258102130128691
1396 1 0.0 1 -0.36140645786223957 -1 0.9258102130128691
1397 1 0.0 1 -0.36140645786223957 -1 0.9258102130128691
1398 1 0.0 1 -0.36140645786223957 -1 0.9258102130128691
1399 1 0.0 1 -0.36140645786223957 -1 0.9258102130128691
1400 1 0.0 1 -0.36140645786223957 -1 0.9258102130128691
1401 1 0.0 1 -0.36140645786223957 -1 0.9258102130128691
1402 1 0.0 1 -0.36140645786223957 -1 0.9258102130128691
1403 1 0.0 1 -0.36140645786223957 -1 0.9258102130128691
1404 1 0.0 1 -0.36140645786223957 -1 0.9258102130128691
1405 1 0.0 1 -0.36140645786223957 -1 0.9258102130128691
1406 1 0.0 1 -0.36140645786223957 -1 0.9258102130128691
1407 1 0.0 1 -0.36140645786223957 -1 0.9258102130128691
1408 1 0.0 1 -0.36140645786223957 -1 0.9258102130128691
1409 1 0.0 1 -0.36140645786223957 -1 0.9258102130128691
1410 1 0.0 1 -0.36140645786223957 -1 0.9258102130128691
1411 1 0.0 1 -0.36140645786223957 -1 0.9258102130128691
1412 1 0.0 1 -0.36140645786223957 -1 0.9258102130128691
1413 1 0.0 1 -0.36140645786223957 -1 0.9258102130128691
1414 1 0.0 1 -0.36140645786223957 -1 0.9258102130128691
1415 1 0.0 1 -0.36140645786223957 -1 0.9258102130128691
1416 1 0.0 1 -0.36140645786223957 -1 0.9258102130128691
1417 1 0.0 1 -0.36140645786223957 -1 0.9258102130128691
1418 1 0.0 1 -0.36140645786223957 -1 0.9258102130128691
1419 1 0.0 1 -0.36140645786223957 -1 0.9258102130128691
1420 1 0.0 1 -0.36140645786223957 -1 0.9258102130128691
1421 1 0.0 1 -0.36140645786223957 -1 0.9258102130128691
1422 1 0.0 1 -0.36140645786223957 -1 0.9258102130128691
1423 1 0.0 1 -0.36140645786223957 -1 0.9258102130128691
1424 1 0.0 1 -0.36140645786223957 -1 0.9258102130128691
1425 1 0.0 1 -0.36140645786223957 -1 0.9258102130128691
1426 1 0.0 1 -0.36140645786223957 -1 0.9258102130128691
1427 1 0.0 1 -0.36140645786223957 -1 0.9258102130128691
1428 1 0.0 1 -0.36140645786223957 -1 0.9258102130128691
1429 1 0.0 1 -0.36140645786223957 -1 0.9258102130128691
1430 1 0.0 1 -0.36140645786223957 -1 0.9258102130128691
1431 1 0.0 1 -0.36140645786223957 -1 0.9258102130128691
1432 1 0.0 1 -0.36140645786223957 -1 0.9258102130128691
1433 1 0.0 1 -0.36140645786223957 -1 0.9258102130128691
1434 1 0.0 1 -0.36140645786223957 -1 0.9258102130128691
1435 1 0.0 1 -0.36140645786223957 -1 0.9258102130128691
1436 1 0.0 1 -0.36140645786223957 -1 0.9258102130128691
1437 1 0.0 1 -0.36140645786223957 -1 0.9258102130128691
1438 1 0.0 1 -0.36140645786223957 -1 0.9258102130128691
1439 1 0.0 1 -0.36140645786223957 -1 0.9258102130128691
1440 1 0.0 1 -0.36140645786223957 -1 0.9258102130128691
1441 1 0.0 1 -0.36140645786223957 -1 0.9258102130128691
1442 1 0.0 1 -0.36140645786223957 -1 0.9258102130128691
1443 1 0.0 1 -0.36140645786223957 -1 0.9258102130128691
1444 1 0.0 1 -0.36140645786223957 -1 0.9258102130128691
1445 1 0.0 1 -0.36140645786223957 -1 0.9258102130128691
1446 1 0.0 1 -0.36140645786223957 -1 0.9258102130128691
1447 1 0.0 1 -0.36140645786223957 -1 0.9258102130128691
1448 1 0.0 1 -0.36140645786223957 -1 0.9258102130128691
1449 1 0.0 1 -0.36140645786223957 -1 0.9258102130128691
1450 1 0.0 1 -0.36140645786223957 -1 0.9258102130128691
1451 1 0.0 1 -0.36140645786223957 -1 0.9258102130128691
1452 1 0.0 1 -0.36140645786223957 -1 0.9258102130128691
1453 1 0.0 1 -0.36140645786223957 -1 0.9258102130128691
1454 1 0.0 1 -0.36140645786223957 -1 0.9258102130128691
1455 1 0.0 1 -0.36140645786223957 -1 0.9258102130128691
1456 1 0.0 1 -0.36140645786223957 -1 0.9258102130128691
1457 1 0.0 1 -0.36140645786223957 -1 0.9258102130128691
1458 1 0.0 1 -0.36140645786223957 -1 0.9258102130128691
1459 1 0.0 1 -0.36140645786223957 -1 0.9258102130128691
1460 1 0.0 1 -0.36140645786223957 -1 0.9258102130128691
1461 1 0.0 1 -0.36140645786223957 -1 0.9258102130128691
1462 1 0.0 1 -0.36140645786223957 -1 0.9258102130128691
1463 1 0.0 1 -0.36140645786223957 -1 0.9258102130128691
1464 1 0.0 1 -0.36140645786223957 -1 0.9258102130128691
1465 1 0.0 1 -0.36140645786223957 -1 0.9258102130128691
1466 1 0.0 1 -0.36140645786223957 -1 0.9258102130128691
1467 1 0.0 1 -0.36140645786223957 -1 0.9258102130128691
1468 1 0.0 1 -0.36140645786223957 -1 0.9258102130128691
1469 1 0.0 1 -0.36140645786223957 -1 0.9258102130128691
1470 1 0.0 1 -0.36140645786223957 -1 0.9258102130128691
1471 1 0.0 1 -0.36140645786223957 -1 0.9258102130128691
1472 1 0.0 1 -0.36140645786223957 -1 0.9258102130128691
1473 1 0.0 1 -0.36140645786223957 -1 0.9258102130128691
1474 1 0.0 1 -0.36140645786223957 -1 0.9258102130128691
1475 1 0.0 1 -0.36140645786223957 -1 0.9258102130128691
1476 1 0.0 1 -0.36140645786223957 -1 0.9258102130128691
1477 1 0.0 1 -0.36140645786223957 -1 0.9258102130128691
1478 1 0.0 1 -0.36140645786223957 -1 0.9258102130128691
1479 1 0.0 1 -0.36140645786223957 -1 0.9258102130128691
1480 1 0.0 1 -0.36140645786223957 -1 0.9258102130128691
1481 1 0.0 1 -0.36140645786223957 -1 0.9258102130128691
1482 1 0.0 1 -0.36140645786223957 -1 0.9258102130128691
1483 1 0.0 1 -0.36140645786223957 -1 0.9258102130128691
1484 1 0.0 1 -0.36140645786223957 -1 0.9258102130128691
1485 1 0.0 1 -0.36140645786223957 -1 0.9258102130128691
1486 1 0.0 1 -0.36140645786223957 -1 0.9258102130128691
1487 1 0.0 1 -0.36140645786223957 -1 0.9258102130128691
1488 1 0.0 1 -0.36140645786223957 -1 0.9258102130128691
1489 1 0.0 1 -0.36140645786223957 -1 0.9258102130128691
1490 1 0.0 1 -0.36140645786223957 -1 0.9258102130128691
1491 1 0.0 1 -0.36140645786223957 -1 0.9258102130128691
1492 1 0.0 1 -0.36140645786223957 -1 0.9258102130128691
1493 1 0.0 1 -0.36140645786223957 -1 0.9258102130128691
1494 1 0.0 1 -0.36140645786223957 -1 0.9258102130128691
1495 1 0.0 1 -0.36140645786223957 -1 0.9258102130128691
1496 1 0.0 1 -0.36140645786223957 -1 0.9258102130128691
1497 1 0.0 1 -0.36140645786223957 -1 0.9258102130128691
1498 1 0.0 1 -0.36140645786223957 -1 0.9258102130128691
1499 1 0.0 1 -0.36140645786223957 -1 0.9258102130128691
1500 1 0.0 1 -0.36140645786223957 -1 0.9258102130128691
