1 1 0.0 1 0.06566183167108042 1 0.5983077084929298
2 1 0.0 1 0.06566183167108042 1 0.5983077084929298
3 1 0.0 1 0.06566183167108042 1 0.5983077084929298
4 1 0.0 1 0.06566183167108042 1 0.5983077084929298
5 1 0.0 1 0.06566183167108042 1 0.5983077084929298
6 1 0.0 1 0.06566183167108042 1 0.5983077084929298
7 1 0.0 1 0.06566183167108042 1 0.5983077084929298
8 1 0.0 1 0.06566183167108042 1 0.5983077084929298
9 1 0.0 1 0.06566183167108042 1 0.5983077084929298
10 1 0.0 1 0.06566183167108042 1 0.5983077084929298
11 1 0.0 1 0.06566183167108042 1 0.5983077084929298
12 1 0.0 1 0.06566183167108042 1 0.5983077084929298
13 1 0.0 1 0.06566183167108042 1 0.5983077084929298
14 1 0.0 1 0.06566183167108042 1 0.5983077084929298
15 1 0.0 1 0.06566183167108042 1 0.5983077084929298
16 1 0.0 1 0.06566183167108042 1 0.5983077084929298
17 1 0.0 1 0.06566183167108042 1 0.5983077084929298
18 1 0.0 1 0.06566183167108042 1 0.5983077084929298
19 1 0.0 1 0.06566183167108042 1 0.5983077084929298
20 1 0.0 1 0.06566183167108042 1 0.5983077084929298
21 1 0.0 1 0.06566183167108042 1 0.5983077084929298
22 1 0.0 1 0.06566183167108042 1 0.5983077084929298
23 1 0.0 1 0.06566183167108042 1 0.5983077084929298
24 1 0.0 1 0.06566183167108042 1 0.5983077084929298
25 1 0.0 1 0.06566183167108042 1 0.5983077084929298
26 1 0.0 1 0.06566183167108042 1 0.5983077084929298
27 1 0.0 1 0.06566183167108042 1 0.5983077084929298
28 1 0.0 1 0.06566183167108042 1 0.5983077084929298
29 1 0.0 1 0.06566183167108042 1 0.5983077084929298
30 1 0.0 1 0.06566183167108042 1 0.5983077084929298
31 1 0.0 1 0.06566183167108042 1 0.5983077084929298
32 1 0.0 1 0.06566183167108042 1 0.5983077084929298
33 1 0.0 1 0.06566183167108042 1 0.5983077084929298
34 1 0.0 1 0.06566183167108042 1 0.5983077084929298
35 1 0.0 1 0.06566183167108042 1 0.5983077084929298
36 1 0.0 1 0.06566183167108042 1 0.5983077084929298
37 1 0.0 1 0.06566183167108042 1 0.5983077084929298
38 1 0.0 1 0.06566183167108042 1 0.5983077084929298
39 1 0.0 1 0.06566183167108042 1 0.5983077084929298
40 1 0.0 1 0.06566183167108042 1 0.5983077084929298
41 1 0.0 1 0.06566183167108042 1 0.5983077084929298
42 1 0.0 1 0.06566183167108042 1 0.5983077084929298
43 1 0.0 1 0.06566183167108042 1 0.5983077084929298
44 1 0.0 1 0.06566183167108042 1 0.5983077084929298
45 1 0.0 1 0.06566183167108042 1 0.5983077084929298
46 1 0.0 1 0.06566183167108042 1 0.5983077084929298
47 1 0.0 1 0.06566183167108042 1 0.5983077084929298
48 1 0.0 1 0.06566183167108042 1 0.5983077084929298
49 1 0.0 1 0.06566183167108042 1 0.5983077084929298
50 1 0.0 1 0.06566183167108042 1 0.5983077084929298
51 1 0.0 1 0.06566183167108042 1 0.5983077084929298
52 1 0.0 1 0.06566183167108042 1 0.5983077084929298
53 1 0.0 1 0.06566183167108042 1 0.5983077084929298
54 1 0.0 1 0.06566183167108042 1 0.5983077084929298
55 1 0.0 1 0.06566183167108042 1 0.5983077084929298
56 1 0.0 1 0.06566183167108042 1 0.5983077084929298
57 1 0.0 1 0.06566183167108042 1 0.5983077084929298
58 1 0.0 1 0.06566183167108042 1 0.5983077084929298
59 1 0.0 1 0.06566183167108042 1 0.5983077084929298
60 1 0.0 1 0.06566183167108042 1 0.5983077084929298
61 1 0.0 1 0.06566183167108042 1 0.5983077084929298
62 1 0.0 1 0.06566183167108042 1 0.5983077084929298
63 1 0.0 1 0.06566183167108042 1 0.5983077084929298
64 1 0.0 1 0.06566183167108042 1 0.5983077084929298
65 1 0.0 1 0.06566183167108042 1 0.5983077084929298
66 1 0.0 1 0.06566183167108042 1 0.5983077084929298
67 1 0.0 1 0.06566183167108042 1 0.5983077084929298
68 1 0.0 1 0.06566183167108042 1 0.5983077084929298
69 1 0.0 1 0.06566183167108042 1 0.5983077084929298
70 1 0.0 1 0.06566183167108042 1 0.5983077084929298
71 1 0.0 1 0.06566183167108042 1 0.5983077084929298
72 1 0.0 1 0.06566183167108042 1 0.5983077084929298
73 1 0.0 1 0.06566183167108042 1 0.5983077084929298
74 1 0.0 1 0.06566183167108042 1 0.5983077084929298
75 1 0.0 1 0.06566183167108042 1 0.5983077084929298
76 1 0.0 1 0.06566183167108042 1 0.5983077084929298
77 1 0.0 1 0.06566183167108042 1 0.5983077084929298
78 1 0.0 1 0.06566183167108042 1 0.5983077084929298
79 1 0.0 1 0.06566183167108042 1 0.5983077084929298
80 1 0.0 1 0.06566183167108042 1 0.5983077084929298
81 1 0.0 1 0.06566183167108042 1 0.5983077084929298
82 1 0.0 1 0.06566183167108042 1 0.5983077084929298
83 1 0.0 1 0.06566183167108042 1 0.5983077084929298
84 1 0.0 1 0.06566183167108042 1 0.5983077084929298
85 1 0.0 1 0.06566183167108042 1 0.5983077084929298
86 1 0.0 1 0.06566183167108042 1 0.5983077084929298
87 1 0.0 1 0.06566183167108042 1 0.5983077084929298
88 1 0.0 1 0.06566183167108042 1 0.5983077084929298
89 1 0.0 1 0.06566183167108042 1 0.5983077084929298
90 1 0.0 1 0.06566183167108042 1 0.5983077084929298
91 1 0.0 1 0.06566183167108042 1 0.5983077084929298
92 1 0.0 1 0.06566183167108042 1 0.5983077084929298
93 1 0.0 1 0.06566183167108042 1 0.5983077084929298
94 1 0.0 1 0.06566183167108042 1 0.5983077084929298
95 1 0.0 1 0.06566183167108042 1 0.5983077084929298
96 1 0.0 1 0.06566183167108042 1 0.5983077084929298
97 1 0.0 1 0.06566183167108042 1 0.5983077084929298
98 1 0.0 1 0.06566183167108042 1 0.5983077084929298
99 1 0.0 1 0.06566183167108042 1 0.5983077084929298
100 1 0.0 1 0.06566183167108042 1 0.5983077084929298
101 1 0.0 1 0.06566183167108042 1 0.5983077084929298
102 1 0.0 1 0.06566183167108042 1 0.5983077084929298
103 1 0.0 1 0.06566183167108042 1 0.5983077084929298
104 1 0.0 1 0.06566183167108042 1 0.5983077084929298
105 1 0.0 1 0.06566183167108042 1 0.5983077084929298
106 1 0.0 1 0.06566183167108042 1 0.5983077084929298
107 1 0.0 1 0.06566183167108042 1 0.5983077084929298
108 1 0.0 1 0.06566183167108042 1 0.5983077084929298
109 1 0.0 1 0.06566183167108042 1 0.5983077084929298
110 1 0.0 1 0.06566183167108042 1 0.5983077084929298
111 1 0.0 1 0.06566183167108042 1 0.5983077084929298
112 1 0.0 1 0.06566183167108042 1 0.5983077084929298
113 1 0.0 1 0.06566183167108042 1 0.5983077084929298
114 1 0.0 1 0.06566183167108042 1 0.5983077084929298
115 1 0.0 1 0.06566183167108042 1 0.5983077084929298
116 1 0.0 1 0.06566183167108042 1 0.5983077084929298
117 1 0.0 1 0.06566183167108042 1 0.5983077084929298
118 1 0.0 1 0.06566183167108042 1 0.5983077084929298
119 1 0.0 1 0.06566183167108042 1 0.5983077084929298
120 1 0.0 1 0.06566183167108042 1 0.5983077084929298
121 1 0.0 1 0.06566183167108042 1 0.5983077084929298
122 1 0.0 1 0.06566183167108042 1 0.5983077084929298
123 1 0.0 1 0.06566183167108042 1 0.5983077084929298
124 1 0.0 1 0.06566183167108042 1 0.5983077084929298
125 1 0.0 1 0.06566183167108042 1 0.5983077084929298
126 1 0.0 1 0.06566183167108042 1 0.5983077084929298
127 1 0.0 1 0.06566183167108042 1 0.5983077084929298
128 1 0.0 1 0.06566183167108042 1 0.5983077084929298
129 1 0.0 1 0.06566183167108042 1 0.5983077084929298
130 1 0.0 1 0.06566183167108042 1 0.5983077084929298
131 1 0.0 1 0.06566183167108042 1 0.5983077084929298
132 1 0.0 1 0.06566183167108042 1 0.5983077084929298
133 1 0.0 1 0.06566183167108042 1 0.5983077084929298
134 1 0.0 1 0.06566183167108042 1 0.5983077084929298
135 1 0.0 1 0.06566183167108042 1 0.5983077084929298
136 1 0.0 1 0.06566183167108042 1 0.5983077084929298
137 1 0.0 1 0.06566183167108042 1 0.5983077084929298
138 1 0.0 1 0.06566183167108042 1 0.5983077084929298
139 1 0.0 1 0.06566183167108042 1 0.5983077084929298
140 1 0.0 1 0.06566183167108042 1 0.5983077084929298
141 1 0.0 1 0.06566183167108042 1 0.5983077084929298
142 1 0.0 1 0.06566183167108042 1 0.5983077084929298
143 1 0.0 1 0.06566183167108042 1 0.5983077084929298
144 1 0.0 1 0.06566183167108042 1 0.5983077084929298
145 1 0.0 1 0.06566183167108042 1 0.5983077084929298
146 1 0.0 1 0.06566183167108042 1 0.5983077084929298
147 1 0.0 1 0.06566183167108042 1 0.5983077084929298
148 1 0.0 1 0.06566183167108042 1 0.5983077084929298
149 1 0.0 1 0.06566183167108042 1 0.5983077084929298
150 1 0.0 1 0.06566183167108042 1 0.5983077084929298
151 1 0.0 1 0.06566183167108042 1 0.5983077084929298
152 1 0.0 1 0.06566183167108042 1 0.5983077084929298
153 1 0.0 1 0.06566183167108042 1 0.5983077084929298
154 1 0.0 1 0.06566183167108042 1 0.5983077084929298
155 1 0.0 1 0.06566183167108042 1 0.5983077084929298
156 1 0.0 1 0.06566183167108042 1 0.5983077084929298
157 1 0.0 1 0.06566183167108042 1 0.5983077084929298
158 1 0.0 1 0.06566183167108042 1 0.5983077084929298
159 1 0.0 1 0.06566183167108042 1 0.5983077084929298
160 1 0.0 1 0.06566183167108042 1 0.5983077084929298
161 1 0.0 1 0.06566183167108042 1 0.5983077084929298
162 1 0.0 1 0.06566183167108042 1 0.5983077084929298
163 1 0.0 1 0.06566183167108042 1 0.5983077084929298
164 1 0.0 1 0.06566183167108042 1 0.5983077084929298
165 1 0.0 1 0.06566183167108042 1 0.5983077084929298
166 1 0.0 1 0.06566183167108042 1 0.5983077084929298
167 1 0.0 1 0.06566183167108042 1 0.5983077084929298
168 1 0.0 1 0.06566183167108042 1 0.5983077084929298
169 1 0.0 1 0.06566183167108042 1 0.5983077084929298
170 1 0.0 1 0.06566183167108042 1 0.5983077084929298
171 1 0.0 1 0.06566183167108042 1 0.5983077084929298
172 1 0.0 1 0.06566183167108042 1 0.5983077084929298
173 1 0.0 1 0.06566183167108042 1 0.5983077084929298
174 1 0.0 1 0.06566183167108042 1 0.5983077084929298
175 1 0.0 1 0.06566183167108042 1 0.5983077084929298
176 1 0.0 1 0.06566183167108042 1 0.5983077084929298
177 1 0.0 1 0.06566183167108042 1 0.5983077084929298
178 1 0.0 1 0.06566183167108042 1 0.5983077084929298
179 1 0.0 1 0.06566183167108042 1 0.5983077084929298
180 1 0.0 1 0.06566183167108042 1 0.5983077084929298
181 1 0.0 1 0.06566183167108042 1 0.5983077084929298
182 1 0.0 1 0.06566183167108042 1 0.5983077084929298
183 1 0.0 1 0.06566183167108042 1 0.5983077084929298
184 1 0.0 1 0.06566183167108042 1 0.5983077084929298
185 1 0.0 1 0.06566183167108042 1 0.5983077084929298
186 1 0.0 1 0.06566183167108042 1 0.5983077084929298
187 1 0.0 1 0.06566183167108042 1 0.5983077084929298
188 1 0.0 1 0.06566183167108042 1 0.5983077084929298
189 1 0.0 1 0.06566183167108042 1 0.5983077084929298
190 1 0.0 1 0.06566183167108042 1 0.5983077084929298
191 1 0.0 1 0.06566183167108042 1 0.5983077084929298
192 1 0.0 1 0.06566183167108042 1 0.5983077084929298
193 1 0.0 1 0.06566183167108042 1 0.5983077084929298
194 1 0.0 1 0.06566183167108042 1 0.5983077084929298
195 1 0.0 1 0.06566183167108042 1 0.5983077084929298
196 1 0.0 1 0.06566183167108042 1 0.5983077084929298
197 1 0.0 1 0.06566183167108042 1 0.5983077084929298
198 1 0.0 1 0.06566183167108042 1 0.5983077084929298
199 1 0.0 1 0.06566183167108042 1 0.5983077084929298
200 1 0.0 1 0.06566183167108042 1 0.5983077084929298
201 1 0.0 1 0.06566183167108042 1 0.5983077084929298
202 1 0.0 1 0.06566183167108042 1 0.5983077084929298
203 1 0.0 1 0.06566183167108042 1 0.5983077084929298
204 1 0.0 1 0.06566183167108042 1 0.5983077084929298
205 1 0.0 1 0.06566183167108042 1 0.5983077084929298
206 1 0.0 1 0.06566183167108042 1 0.5983077084929298
207 1 0.0 1 0.06566183167108042 1 0.5983077084929298
208 1 0.0 1 0.06566183167108042 1 0.5983077084929298
209 1 0.0 1 0.06566183167108042 1 0.5983077084929298
210 1 0.0 1 0.06566183167108042 1 0.5983077084929298
211 1 0.0 1 0.06566183167108042 1 0.5983077084929298
212 1 0.0 1 0.06566183167108042 1 0.5983077084929298
213 1 0.0 1 0.06566183167108042 1 0.5983077084929298
214 1 0.0 1 0.06566183167108042 1 0.5983077084929298
215 1 0.0 1 0.06566183167108042 1 0.5983077084929298
216 1 0.0 1 0.06566183167108042 1 0.5983077084929298
217 1 0.0 1 0.06566183167108042 1 0.5983077084929298
218 1 0.0 1 0.06566183167108042 1 0.5983077084929298
219 1 0.0 1 0.06566183167108042 1 0.5983077084929298
220 1 0.0 1 0.06566183167108042 1 0.5983077084929298
221 1 0.0 1 0.06566183167108042 1 0.5983077084929298
222 1 0.0 1 0.06566183167108042 1 0.5983077084929298
223 1 0.0 1 0.06566183167108042 1 0.5983077084929298
224 1 0.0 1 0.06566183167108042 1 0.5983077084929298
225 1 0.0 1 0.06566183167108042 1 0.5983077084929298
226 1 0.0 1 0.06566183167108042 1 0.5983077084929298
227 1 0.0 1 0.06566183167108042 1 0.5983077084929298
228 1 0.0 1 0.06566183167108042 1 0.5983077084929298
229 1 0.0 1 0.06566183167108042 1 0.5983077084929298
230 1 0.0 1 0.06566183167108042 1 0.5983077084929298
231 1 0.0 1 0.06566183167108042 1 0.5983077084929298
232 1 0.0 1 0.06566183167108042 1 0.5983077084929298
233 1 0.0 1 0.06566183167108042 1 0.5983077084929298
234 1 0.0 1 0.06566183167108042 1 0.5983077084929298
235 1 0.0 1 0.06566183167108042 1 0.5983077084929298
236 1 0.0 1 0.06566183167108042 1 0.5983077084929298
237 1 0.0 1 0.06566183167108042 1 0.5983077084929298
238 1 0.0 1 0.06566183167108042 1 0.5983077084929298
239 1 0.0 1 0.06566183167108042 1 0.5983077084929298
240 1 0.0 1 0.06566183167108042 1 0.5983077084929298
241 1 0.0 1 0.06566183167108042 1 0.5983077084929298
242 1 0.0 1 0.06566183167108042 1 0.5983077084929298
243 1 0.0 1 0.06566183167108042 1 0.5983077084929298
244 1 0.0 1 0.06566183167108042 1 0.5983077084929298
245 1 0.0 1 0.06566183167108042 1 0.5983077084929298
246 1 0.0 1 0.06566183167108042 1 0.5983077084929298
247 1 0.0 1 0.06566183167108042 1 0.5983077084929298
248 1 0.0 1 0.06566183167108042 1 0.5983077084929298
249 1 0.0 1 0.06566183167108042 1 0.5983077084929298
250 1 0.0 1 0.06566183167108042 1 0.5983077084929298
251 1 0.0 1 0.06566183167108042 1 0.5983077084929298
252 1 0.0 1 0.06566183167108042 1 0.5983077084929298
253 1 0.0 1 0.06566183167108042 1 0.5983077084929298
254 1 0.0 1 0.06566183167108042 1 0.5983077084929298
255 1 0.0 1 0.06566183167108042 1 0.5983077084929298
256 1 0.0 1 0.06566183167108042 1 0.5983077084929298
257 1 0.0 1 0.06566183167108042 1 0.5983077084929298
258 1 0.0 1 0.06566183167108042 1 0.5983077084929298
259 1 0.0 1 0.06566183167108042 1 0.5983077084929298
260 1 0.0 1 0.06566183167108042 1 0.5983077084929298
261 1 0.0 1 0.06566183167108042 1 0.5983077084929298
262 1 0.0 1 0.06566183167108042 1 0.5983077084929298
263 1 0.0 1 0.06566183167108042 1 0.5983077084929298
264 1 0.0 1 0.06566183167108042 1 0.5983077084929298
265 1 0.0 1 0.06566183167108042 1 0.5983077084929298
266 1 0.0 1 0.06566183167108042 1 0.5983077084929298
267 1 0.0 1 0.06566183167108042 1 0.5983077084929298
268 1 0.0 1 0.06566183167108042 1 0.5983077084929298
269 1 0.0 1 0.06566183167108042 1 0.5983077084929298
270 1 0.0 1 0.06566183167108042 1 0.5983077084929298
271 1 0.0 1 0.06566183167108042 1 0.5983077084929298
272 1 0.0 1 0.06566183167108042 1 0.5983077084929298
273 1 0.0 1 0.06566183167108042 1 0.5983077084929298
274 1 0.0 1 0.06566183167108042 1 0.5983077084929298
275 1 0.0 1 0.06566183167108042 1 0.5983077084929298
276 1 0.0 1 0.06566183167108042 1 0.5983077084929298
277 1 0.0 1 0.06566183167108042 1 0.5983077084929298
278 1 0.0 1 0.06566183167108042 1 0.5983077084929298
279 1 0.0 1 0.06566183167108042 1 0.5983077084929298
280 1 0.0 1 0.06566183167108042 1 0.5983077084929298
281 1 0.0 1 0.06566183167108042 1 0.5983077084929298
282 1 0.0 1 0.06566183167108042 1 0.5983077084929298
283 1 0.0 1 0.06566183167108042 1 0.5983077084929298
284 1 0.0 1 0.06566183167108042 1 0.5983077084929298
285 1 0.0 1 0.06566183167108042 1 0.5983077084929298
286 1 0.0 1 0.06566183167108042 1 0.5983077084929298
287 1 0.0 1 0.06566183167108042 1 0.5983077084929298
288 1 0.0 1 0.06566183167108042 1 0.5983077084929298
289 1 0.0 1 0.06566183167108042 1 0.5983077084929298
290 1 0.0 1 0.06566183167108042 1 0.5983077084929298
291 1 0.0 1 0.06566183167108042 1 0.5983077084929298
292 1 0.0 1 0.06566183167108042 1 0.5983077084929298
293 1 0.0 1 0.06566183167108042 1 0.5983077084929298
294 1 0.0 1 0.06566183167108042 1 0.5983077084929298
295 1 0.0 1 0.06566183167108042 1 0.5983077084929298
296 1 0.0 1 0.06566183167108042 1 0.5983077084929298
297 1 0.0 1 0.06566183167108042 1 0.5983077084929298
298 1 0.0 1 0.06566183167108042 1 0.5983077084929298
299 1 0.0 1 0.06566183167108042 1 0.5983077084929298
300 1 0.0 1 0.06566183167108042 1 0.5983077084929298
301 1 0.0 1 0.06566183167108042 1 0.5983077084929298
302 1 0.0 1 0.06566183167108042 1 0.5983077084929298
303 1 0.0 1 0.06566183167108042 1 0.5983077084929298
304 1 0.0 1 0.06566183167108042 1 0.5983077084929298
305 1 0.0 1 0.06566183167108042 1 0.5983077084929298
306 1 0.0 1 0.06566183167108042 1 0.5983077084929298
307 1 0.0 1 0.06566183167108042 1 0.5983077084929298
308 1 0.0 1 0.06566183167108042 1 0.5983077084929298
309 1 0.0 1 0.06566183167108042 1 0.5983077084929298
310 1 0.0 1 0.06566183167108042 1 0.5983077084929298
311 1 0.0 1 0.06566183167108042 1 0.5983077084929298
312 1 0.0 1 0.06566183167108042 1 0.5983077084929298
313 1 0.0 1 0.06566183167108042 1 0.5983077084929298
314 1 0.0 1 0.06566183167108042 1 0.5983077084929298
315 1 0.0 1 0.06566183167108042 1 0.5983077084929298
316 1 0.0 1 0.06566183167108042 1 0.5983077084929298
317 1 0.0 1 0.06566183167108042 1 0.5983077084929298
318 1 0.0 1 0.06566183167108042 1 0.5983077084929298
319 1 0.0 1 0.06566183167108042 1 0.5983077084929298
320 1 0.0 1 0.06566183167108042 1 0.5983077084929298
321 1 0.0 1 0.06566183167108042 1 0.5983077084929298
322 1 0.0 1 0.06566183167108042 1 0.5983077084929298
323 1 0.0 1 0.06566183167108042 1 0.5983077084929298
324 1 0.0 1 0.06566183167108042 1 0.5983077084929298
325 1 0.0 1 0.06566183167108042 1 0.5983077084929298
326 1 0.0 1 0.06566183167108042 1 0.5983077084929298
327 1 0.0 1 0.06566183167108042 1 0.5983077084929298
328 1 0.0 1 0.06566183167108042 1 0.5983077084929298
329 1 0.0 1 0.06566183167108042 1 0.5983077084929298
330 1 0.0 1 0.06566183167108042 1 0.5983077084929298
331 1 0.0 1 0.06566183167108042 1 0.5983077084929298
332 1 0.0 1 0.06566183167108042 1 0.5983077084929298
333 1 0.0 1 0.06566183167108042 1 0.5983077084929298
334 1 0.0 1 0.06566183167108042 1 0.5983077084929298
335 1 0.0 1 0.06566183167108042 1 0.5983077084929298
336 1 0.0 1 0.06566183167108042 1 0.5983077084929298
337 1 0.0 1 0.06566183167108042 1 0.5983077084929298
338 1 0.0 1 0.06566183167108042 1 0.5983077084929298
339 1 0.0 1 0.06566183167108042 1 0.5983077084929298
340 1 0.0 1 0.06566183167108042 1 0.5983077084929298
341 1 0.0 1 0.06566183167108042 1 0.5983077084929298
342 1 0.0 1 0.06566183167108042 1 0.5983077084929298
343 1 0.0 1 0.06566183167108042 1 0.5983077084929298
344 1 0.0 1 0.06566183167108042 1 0.5983077084929298
345 1 0.0 1 0.06566183167108042 1 0.5983077084929298
346 1 0.0 1 0.06566183167108042 1 0.5983077084929298
347 1 0.0 1 0.06566183167108042 1 0.5983077084929298
348 1 0.0 1 0.06566183167108042 1 0.5983077084929298
349 1 0.0 1 0.06566183167108042 1 0.5983077084929298
350 1 0.0 1 0.06566183167108042 1 0.5983077084929298
351 1 0.0 1 0.06566183167108042 1 0.5983077084929298
352 1 0.0 1 0.06566183167108042 1 0.5983077084929298
353 1 0.0 1 0.06566183167108042 1 0.5983077084929298
354 1 0.0 1 0.06566183167108042 1 0.5983077084929298
355 1 0.0 1 0.06566183167108042 1 0.5983077084929298
356 1 0.0 1 0.06566183167108042 1 0.5983077084929298
357 1 0.0 1 0.06566183167108042 1 0.5983077084929298
358 1 0.0 1 0.06566183167108042 1 0.5983077084929298
359 1 0.0 1 0.06566183167108042 1 0.5983077084929298
360 1 0.0 1 0.06566183167108042 1 0.5983077084929298
361 1 0.0 1 0.06566183167108042 1 0.5983077084929298
362 1 0.0 1 0.06566183167108042 1 0.5983077084929298
363 1 0.0 1 0.06566183167108042 1 0.5983077084929298
364 1 0.0 1 0.06566183167108042 1 0.5983077084929298
365 1 0.0 1 0.06566183167108042 1 0.5983077084929298
366 1 0.0 1 0.06566183167108042 1 0.5983077084929298
367 1 0.0 1 0.06566183167108042 1 0.5983077084929298
368 1 0.0 1 0.06566183167108042 1 0.5983077084929298
369 1 0.0 1 0.06566183167108042 1 0.5983077084929298
370 1 0.0 1 0.06566183167108042 1 0.5983077084929298
371 1 0.0 1 0.06566183167108042 1 0.5983077084929298
372 1 0.0 1 0.06566183167108042 1 0.5983077084929298
373 1 0.0 1 0.06566183167108042 1 0.5983077084929298
374 1 0.0 1 0.06566183167108042 1 0.5983077084929298
375 1 0.0 1 0.06566183167108042 1 0.5983077084929298
376 1 0.0 1 0.06566183167108042 1 0.5983077084929298
377 1 0.0 1 0.06566183167108042 1 0.5983077084929298
378 1 0.0 1 0.06566183167108042 1 0.5983077084929298
379 1 0.0 1 0.06566183167108042 1 0.5983077084929298
380 1 0.0 1 0.06566183167108042 1 0.5983077084929298
381 1 0.0 1 0.06566183167108042 1 0.5983077084929298
382 1 0.0 1 0.06566183167108042 1 0.5983077084929298
383 1 0.0 1 0.06566183167108042 1 0.5983077084929298
384 1 0.0 1 0.06566183167108042 1 0.5983077084929298
385 1 0.0 1 0.06566183167108042 1 0.5983077084929298
386 1 0.0 1 0.06566183167108042 1 0.5983077084929298
387 1 0.0 1 0.06566183167108042 1 0.5983077084929298
388 1 0.0 1 0.06566183167108042 1 0.5983077084929298
389 1 0.0 1 0.06566183167108042 1 0.5983077084929298
390 1 0.0 1 0.06566183167108042 1 0.5983077084929298
391 1 0.0 1 0.06566183167108042 1 0.5983077084929298
392 1 0.0 1 0.06566183167108042 1 0.5983077084929298
393 1 0.0 1 0.06566183167108042 1 0.5983077084929298
394 1 0.0 1 0.06566183167108042 1 0.5983077084929298
395 1 0.0 1 0.06566183167108042 1 0.5983077084929298
396 1 0.0 1 0.06566183167108042 1 0.5983077084929298
397 1 0.0 1 0.06566183167108042 1 0.5983077084929298
398 1 0.0 1 0.06566183167108042 1 0.5983077084929298
399 1 0.0 1 0.06566183167108042 1 0.5983077084929298
400 1 0.0 1 0.06566183167108042 1 0.5983077084929298
401 1 0.0 1 0.06566183167108042 1 0.5983077084929298
402 1 0.0 1 0.06566183167108042 1 0.5983077084929298
403 1 0.0 1 0.06566183167108042 1 0.5983077084929298
404 1 0.0 1 0.06566183167108042 1 0.5983077084929298
405 1 0.0 1 0.06566183167108042 1 0.5983077084929298
406 1 0.0 1 0.06566183167108042 1 0.5983077084929298
407 1 0.0 1 0.06566183167108042 1 0.5983077084929298
408 1 0.0 1 0.06566183167108042 1 0.5983077084929298
409 1 0.0 1 0.06566183167108042 1 0.5983077084929298
410 1 0.0 1 0.06566183167108042 1 0.5983077084929298
411 1 0.0 1 0.06566183167108042 1 0.5983077084929298
412 1 0.0 1 0.06566183167108042 1 0.5983077084929298
413 1 0.0 1 0.06566183167108042 1 0.5983077084929298
414 1 0.0 1 0.06566183167108042 1 0.5983077084929298
415 1 0.0 1 0.06566183167108042 1 0.5983077084929298
416 1 0.0 1 0.06566183167108042 1 0.5983077084929298
417 1 0.0 1 0.06566183167108042 1 0.5983077084929298
418 1 0.0 1 0.06566183167108042 1 0.5983077084929298
419 1 0.0 1 0.06566183167108042 1 0.5983077084929298
420 1 0.0 1 0.06566183167108042 1 0.5983077084929298
421 1 0.0 1 0.06566183167108042 1 0.5983077084929298
422 1 0.0 1 0.06566183167108042 1 0.5983077084929298
423 1 0.0 1 0.06566183167108042 1 0.5983077084929298
424 1 0.0 1 0.06566183167108042 1 0.5983077084929298
425 1 0.0 1 0.06566183167108042 1 0.5983077084929298
426 1 0.0 1 0.06566183167108042 1 0.5983077084929298
427 1 0.0 1 0.06566183167108042 1 0.5983077084929298
428 1 0.0 1 0.06566183167108042 1 0.5983077084929298
429 1 0.0 1 0.06566183167108042 1 0.5983077084929298
430 1 0.0 1 0.06566183167108042 1 0.5983077084929298
431 1 0.0 1 0.06566183167108042 1 0.5983077084929298
432 1 0.0 1 0.06566183167108042 1 0.5983077084929298
433 1 0.0 1 0.06566183167108042 1 0.5983077084929298
434 1 0.0 1 0.06566183167108042 1 0.5983077084929298
435 1 0.0 1 0.06566183167108042 1 0.5983077084929298
436 1 0.0 1 0.06566183167108042 1 0.5983077084929298
437 1 0.0 1 0.06566183167108042 1 0.5983077084929298
438 1 0.0 1 0.06566183167108042 1 0.5983077084929298
439 1 0.0 1 0.06566183167108042 1 0.5983077084929298
440 1 0.0 1 0.06566183167108042 1 0.5983077084929298
441 1 0.0 1 0.06566183167108042 1 0.5983077084929298
442 1 0.0 1 0.06566183167108042 1 0.5983077084929298
443 1 0.0 1 0.06566183167108042 1 0.5983077084929298
444 1 0.0 1 0.06566183167108042 1 0.5983077084929298
445 1 0.0 1 0.06566183167108042 1 0.5983077084929298
446 1 0.0 1 0.06566183167108042 1 0.5983077084929298
447 1 0.0 1 0.06566183167108042 1 0.5983077084929298
448 1 0.0 1 0.06566183167108042 1 0.5983077084929298
449 1 0.0 1 0.06566183167108042 1 0.5983077084929298
450 1 0.0 1 0.06566183167108042 1 0.5983077084929298
451 1 0.0 1 0.06566183167108042 1 0.5983077084929298
452 1 0.0 1 0.06566183167108042 1 0.5983077084929298
453 1 0.0 1 0.06566183167108042 1 0.5983077084929298
454 1 0.0 1 0.06566183167108042 1 0.5983077084929298
455 1 0.0 1 0.06566183167108042 1 0.5983077084929298
456 1 0.0 1 0.06566183167108042 1 0.5983077084929298
457 1 0.0 1 0.06566183167108042 1 0.5983077084929298
458 1 0.0 1 0.06566183167108042 1 0.5983077084929298
459 1 0.0 1 0.06566183167108042 1 0.5983077084929298
460 1 0.0 1 0.06566183167108042 1 0.5983077084929298
461 1 0.0 1 0.06566183167108042 1 0.5983077084929298
462 1 0.0 1 0.06566183167108042 1 0.5983077084929298
463 1 0.0 1 0.06566183167108042 1 0.5983077084929298
464 1 0.0 1 0.06566183167108042 1 0.5983077084929298
465 1 0.0 1 0.06566183167108042 1 0.5983077084929298
466 1 0.0 1 0.06566183167108042 1 0.5983077084929298
467 1 0.0 1 0.06566183167108042 1 0.5983077084929298
468 1 0.0 1 0.06566183167108042 1 0.5983077084929298
469 1 0.0 1 0.06566183167108042 1 0.5983077084929298
470 1 0.0 1 0.06566183167108042 1 0.5983077084929298
471 1 0.0 1 0.06566183167108042 1 0.5983077084929298
472 1 0.0 1 0.06566183167108042 1 0.5983077084929298
473 1 0.0 1 0.06566183167108042 1 0.5983077084929298
474 1 0.0 1 0.06566183167108042 1 0.5983077084929298
475 1 0.0 1 0.06566183167108042 1 0.5983077084929298
476 1 0.0 1 0.06566183167108042 1 0.5983077084929298
477 1 0.0 1 0.06566183167108042 1 0.5983077084929298
478 1 0.0 1 0.06566183167108042 1 0.5983077084929298
479 1 0.0 1 0.06566183167108042 1 0.5983077084929298
480 1 0.0 1 0.06566183167108042 1 0.5983077084929298
481 1 0.0 1 0.06566183167108042 1 0.5983077084929298
482 1 0.0 1 0.06566183167108042 1 0.5983077084929298
483 1 0.0 1 0.06566183167108042 1 0.5983077084929298
484 1 0.0 1 0.06566183167108042 1 0.5983077084929298
485 1 0.0 1 0.06566183167108042 1 0.5983077084929298
486 1 0.0 1 0.06566183167108042 1 0.5983077084929298
487 1 0.0 1 0.06566183167108042 1 0.5983077084929298
488 1 0.0 1 0.06566183167108042 1 0.5983077084929298
489 1 0.0 1 0.06566183167108042 1 0.5983077084929298
490 1 0.0 1 0.06566183167108042 1 0.5983077084929298
491 1 0.0 1 0.06566183167108042 1 0.5983077084929298
492 1 0.0 1 0.06566183167108042 1 0.5983077084929298
493 1 0.0 1 0.06566183167108042 1 0.5983077084929298
494 1 0.0 1 0.06566183167108042 1 0.5983077084929298
495 1 0.0 1 0.06566183167108042 1 0.5983077084929298
496 1 0.0 1 0.06566183167108042 1 0.5983077084929298
497 1 0.0 1 0.06566183167108042 1 0.5983077084929298
498 1 0.0 1 0.06566183167108042 1 0.5983077084929298
499 1 0.0 1 0.06566183167108042 1 0.5983077084929298
500 1 0.0 1 0.06566183167108042 1 0.5983077084929298
501 1 0.0 1 0.06566183167108042 1 0.5983077084929298
502 1 0.0 1 0.06566183167108042 1 0.5983077084929298
503 1 0.0 1 0.06566183167108042 1 0.5983077084929298
504 1 0.0 1 0.06566183167108042 1 0.5983077084929298
505 1 0.0 1 0.06566183167108042 1 0.5983077084929298
506 1 0.0 1 0.06566183167108042 1 0.5983077084929298
507 1 0.0 1 0.06566183167108042 1 0.5983077084929298
508 1 0.0 1 0.06566183167108042 1 0.5983077084929298
509 1 0.0 1 0.06566183167108042 1 0.5983077084929298
510 1 0.0 1 0.06566183167108042 1 0.5983077084929298
511 1 0.0 1 0.06566183167108042 1 0.5983077084929298
512 1 0.0 1 0.06566183167108042 1 0.5983077084929298
513 1 0.0 1 0.06566183167108042 1 0.5983077084929298
514 1 0.0 1 0.06566183167108042 1 0.5983077084929298
515 1 0.0 1 0.06566183167108042 1 0.5983077084929298
516 1 0.0 1 0.06566183167108042 1 0.5983077084929298
517 1 0.0 1 0.06566183167108042 1 0.5983077084929298
518 1 0.0 1 0.06566183167108042 1 0.5983077084929298
519 1 0.0 1 0.06566183167108042 1 0.5983077084929298
520 1 0.0 1 0.06566183167108042 1 0.5983077084929298
521 1 0.0 1 0.06566183167108042 1 0.5983077084929298
522 1 0.0 1 0.06566183167108042 1 0.5983077084929298
523 1 0.0 1 0.06566183167108042 1 0.5983077084929298
524 1 0.0 1 0.06566183167108042 1 0.5983077084929298
525 1 0.0 1 0.06566183167108042 1 0.5983077084929298
526 1 0.0 1 0.06566183167108042 1 0.5983077084929298
527 1 0.0 1 0.06566183167108042 1 0.5983077084929298
528 1 0.0 1 0.06566183167108042 1 0.5983077084929298
529 1 0.0 1 0.06566183167108042 1 0.5983077084929298
530 1 0.0 1 0.06566183167108042 1 0.5983077084929298
531 1 0.0 1 0.06566183167108042 1 0.5983077084929298
532 1 0.0 1 0.06566183167108042 1 0.5983077084929298
533 1 0.0 1 0.06566183167108042 1 0.5983077084929298
534 1 0.0 1 0.06566183167108042 1 0.5983077084929298
535 1 0.0 1 0.06566183167108042 1 0.5983077084929298
536 1 0.0 1 0.06566183167108042 1 0.5983077084929298
537 1 0.0 1 0.06566183167108042 1 0.5983077084929298
538 1 0.0 1 0.06566183167108042 1 0.5983077084929298
539 1 0.0 1 0.06566183167108042 1 0.5983077084929298
540 1 0.0 1 0.06566183167108042 1 0.5983077084929298
541 1 0.0 1 0.06566183167108042 1 0.5983077084929298
542 1 0.0 1 0.06566183167108042 1 0.5983077084929298
543 1 0.0 1 0.06566183167108042 1 0.5983077084929298
544 1 0.0 1 0.06566183167108042 1 0.5983077084929298
545 1 0.0 1 0.06566183167108042 1 0.5983077084929298
546 1 0.0 1 0.06566183167108042 1 0.5983077084929298
547 1 0.0 1 0.06566183167108042 1 0.5983077084929298
548 1 0.0 1 0.06566183167108042 1 0.5983077084929298
549 1 0.0 1 0.06566183167108042 1 0.5983077084929298
550 1 0.0 1 0.06566183167108042 1 0.5983077084929298
551 1 0.0 1 0.06566183167108042 1 0.5983077084929298
552 1 0.0 1 0.06566183167108042 1 0.5983077084929298
553 1 0.0 1 0.06566183167108042 1 0.5983077084929298
554 1 0.0 1 0.06566183167108042 1 0.5983077084929298
555 1 0.0 1 0.06566183167108042 1 0.5983077084929298
556 1 0.0 1 0.06566183167108042 1 0.5983077084929298
557 1 0.0 1 0.06566183167108042 1 0.5983077084929298
558 1 0.0 1 0.06566183167108042 1 0.5983077084929298
559 1 0.0 1 0.06566183167108042 1 0.5983077084929298
560 1 0.0 1 0.06566183167108042 1 0.5983077084929298
561 1 0.0 1 0.06566183167108042 1 0.5983077084929298
562 1 0.0 1 0.06566183167108042 1 0.5983077084929298
563 1 0.0 1 0.06566183167108042 1 0.5983077084929298
564 1 0.0 1 0.06566183167108042 1 0.5983077084929298
565 1 0.0 1 0.06566183167108042 1 0.5983077084929298
566 1 0.0 1 0.06566183167108042 1 0.5983077084929298
567 1 0.0 1 0.06566183167108042 1 0.5983077084929298
568 1 0.0 1 0.06566183167108042 1 0.5983077084929298
569 1 0.0 1 0.06566183167108042 1 0.5983077084929298
570 1 0.0 1 0.06566183167108042 1 0.5983077084929298
571 1 0.0 1 0.06566183167108042 1 0.5983077084929298
572 1 0.0 1 0.06566183167108042 1 0.5983077084929298
573 1 0.0 1 0.06566183167108042 1 0.5983077084929298
574 1 0.0 1 0.06566183167108042 1 0.5983077084929298
575 1 0.0 1 0.06566183167108042 1 0.5983077084929298
576 1 0.0 1 0.06566183167108042 1 0.5983077084929298
577 1 0.0 1 0.06566183167108042 1 0.5983077084929298
578 1 0.0 1 0.06566183167108042 1 0.5983077084929298
579 1 0.0 1 0.06566183167108042 1 0.5983077084929298
580 1 0.0 1 0.06566183167108042 1 0.5983077084929298
581 1 0.0 1 0.06566183167108042 1 0.5983077084929298
582 1 0.0 1 0.06566183167108042 1 0.5983077084929298
583 1 0.0 1 0.06566183167108042 1 0.5983077084929298
584 1 0.0 1 0.06566183167108042 1 0.5983077084929298
585 1 0.0 1 0.06566183167108042 1 0.5983077084929298
586 1 0.0 1 0.06566183167108042 1 0.5983077084929298
587 1 0.0 1 0.06566183167108042 1 0.5983077084929298
588 1 0.0 1 0.06566183167108042 1 0.5983077084929298
589 1 0.0 1 0.06566183167108042 1 0.5983077084929298
590 1 0.0 1 0.06566183167108042 1 0.5983077084929298
591 1 0.0 1 0.06566183167108042 1 0.5983077084929298
592 1 0.0 1 0.06566183167108042 1 0.5983077084929298
593 1 0.0 1 0.06566183167108042 1 0.5983077084929298
594 1 0.0 1 0.06566183167108042 1 0.5983077084929298
595 1 0.0 1 0.06566183167108042 1 0.5983077084929298
596 1 0.0 1 0.06566183167108042 1 0.5983077084929298
597 1 0.0 1 0.06566183167108042 1 0.5983077084929298
598 1 0.0 1 0.06566183167108042 1 0.5983077084929298
599 1 0.0 1 0.06566183167108042 1 0.5983077084929298
600 1 0.0 1 0.06566183167108042 1 0.5983077084929298
601 1 0.0 1 0.06566183167108042 1 0.5983077084929298
602 1 0.0 1 0.06566183167108042 1 0.5983077084929298
603 1 0.0 1 0.06566183167108042 1 0.5983077084929298
604 1 0.0 1 0.06566183167108042 1 0.5983077084929298
605 1 0.0 1 0.06566183167108042 1 0.5983077084929298
606 1 0.0 1 0.06566183167108042 1 0.5983077084929298
607 1 0.0 1 0.06566183167108042 1 0.5983077084929298
608 1 0.0 1 0.06566183167108042 1 0.5983077084929298
609 1 0.0 1 0.06566183167108042 1 0.5983077084929298
610 1 0.0 1 0.06566183167108042 1 0.5983077084929298
611 1 0.0 1 0.06566183167108042 1 0.5983077084929298
612 1 0.0 1 0.06566183167108042 1 0.5983077084929298
613 1 0.0 1 0.06566183167108042 1 0.5983077084929298
614 1 0.0 1 0.06566183167108042 1 0.5983077084929298
615 1 0.0 1 0.06566183167108042 1 0.5983077084929298
616 1 0.0 1 0.06566183167108042 1 0.5983077084929298
617 1 0.0 1 0.06566183167108042 1 0.5983077084929298
618 1 0.0 1 0.06566183167108042 1 0.5983077084929298
619 1 0.0 1 0.06566183167108042 1 0.5983077084929298
620 1 0.0 1 0.06566183167108042 1 0.5983077084929298
621 1 0.0 1 0.06566183167108042 1 0.5983077084929298
622 1 0.0 1 0.06566183167108042 1 0.5983077084929298
623 1 0.0 1 0.06566183167108042 1 0.5983077084929298
624 1 0.0 1 0.06566183167108042 1 0.5983077084929298
625 1 0.0 1 0.06566183167108042 1 0.5983077084929298
626 1 0.0 1 0.06566183167108042 1 0.5983077084929298
627 1 0.0 1 0.06566183167108042 1 0.5983077084929298
628 1 0.0 1 0.06566183167108042 1 0.5983077084929298
629 1 0.0 1 0.06566183167108042 1 0.5983077084929298
630 1 0.0 1 0.06566183167108042 1 0.5983077084929298
631 1 0.0 1 0.06566183167108042 1 0.5983077084929298
632 1 0.0 1 0.06566183167108042 1 0.5983077084929298
633 1 0.0 1 0.06566183167108042 1 0.5983077084929298
634 1 0.0 1 0.06566183167108042 1 0.5983077084929298
635 1 0.0 1 0.06566183167108042 1 0.5983077084929298
636 1 0.0 1 0.06566183167108042 1 0.5983077084929298
637 1 0.0 1 0.06566183167108042 1 0.5983077084929298
638 1 0.0 1 0.06566183167108042 1 0.5983077084929298
639 1 0.0 1 0.06566183167108042 1 0.5983077084929298
640 1 0.0 1 0.06566183167108042 1 0.5983077084929298
641 1 0.0 1 0.06566183167108042 1 0.5983077084929298
642 1 0.0 1 0.06566183167108042 1 0.5983077084929298
643 1 0.0 1 0.06566183167108042 1 0.5983077084929298
644 1 0.0 1 0.06566183167108042 1 0.5983077084929298
645 1 0.0 1 0.06566183167108042 1 0.5983077084929298
646 1 0.0 1 0.06566183167108042 1 0.5983077084929298
647 1 0.0 1 0.06566183167108042 1 0.5983077084929298
648 1 0.0 1 0.06566183167108042 1 0.5983077084929298
649 1 0.0 1 0.06566183167108042 1 0.5983077084929298
650 1 0.0 1 0.06566183167108042 1 0.5983077084929298
651 1 0.0 1 0.06566183167108042 1 0.5983077084929298
652 1 0.0 1 0.06566183167108042 1 0.5983077084929298
653 1 0.0 1 0.06566183167108042 1 0.5983077084929298
654 1 0.0 1 0.06566183167108042 1 0.5983077084929298
655 1 0.0 1 0.06566183167108042 1 0.5983077084929298
656 1 0.0 1 0.06566183167108042 1 0.5983077084929298
657 1 0.0 1 0.06566183167108042 1 0.5983077084929298
658 1 0.0 1 0.06566183167108042 1 0.5983077084929298
659 1 0.0 1 0.06566183167108042 1 0.5983077084929298
660 1 0.0 1 0.06566183167108042 1 0.5983077084929298
661 1 0.0 1 0.06566183167108042 1 0.5983077084929298
662 1 0.0 1 0.06566183167108042 1 0.5983077084929298
663 1 0.0 1 0.06566183167108042 1 0.5983077084929298
664 1 0.0 1 0.06566183167108042 1 0.5983077084929298
665 1 0.0 1 0.06566183167108042 1 0.5983077084929298
666 1 0.0 1 0.06566183167108042 1 0.5983077084929298
667 1 0.0 1 0.06566183167108042 1 0.5983077084929298
668 1 0.0 1 0.06566183167108042 1 0.5983077084929298
669 1 0.0 1 0.06566183167108042 1 0.5983077084929298
670 1 0.0 1 0.06566183167108042 1 0.5983077084929298
671 1 0.0 1 0.06566183167108042 1 0.5983077084929298
672 1 0.0 1 0.06566183167108042 1 0.5983077084929298
673 1 0.0 1 0.06566183167108042 1 0.5983077084929298
674 1 0.0 1 0.06566183167108042 1 0.5983077084929298
675 1 0.0 1 0.06566183167108042 1 0.5983077084929298
676 1 0.0 1 0.06566183167108042 1 0.5983077084929298
677 1 0.0 1 0.06566183167108042 1 0.5983077084929298
678 1 0.0 1 0.06566183167108042 1 0.5983077084929298
679 1 0.0 1 0.06566183167108042 1 0.5983077084929298
680 1 0.0 1 0.06566183167108042 1 0.5983077084929298
681 1 0.0 1 0.06566183167108042 1 0.5983077084929298
682 1 0.0 1 0.06566183167108042 1 0.5983077084929298
683 1 0.0 1 0.06566183167108042 1 0.5983077084929298
684 1 0.0 1 0.06566183167108042 1 0.5983077084929298
685 1 0.0 1 0.06566183167108042 1 0.5983077084929298
686 1 0.0 1 0.06566183167108042 1 0.5983077084929298
687 1 0.0 1 0.06566183167108042 1 0.5983077084929298
688 1 0.0 1 0.06566183167108042 1 0.5983077084929298
689 1 0.0 1 0.06566183167108042 1 0.5983077084929298
690 1 0.0 1 0.06566183167108042 1 0.5983077084929298
691 1 0.0 1 0.06566183167108042 1 0.5983077084929298
692 1 0.0 1 0.06566183167108042 1 0.5983077084929298
693 1 0.0 1 0.06566183167108042 1 0.5983077084929298
694 1 0.0 1 0.06566183167108042 1 0.5983077084929298
695 1 0.0 1 0.06566183167108042 1 0.5983077084929298
696 1 0.0 1 0.06566183167108042 1 0.5983077084929298
697 1 0.0 1 0.06566183167108042 1 0.5983077084929298
698 1 0.0 1 0.06566183167108042 1 0.5983077084929298
699 1 0.0 1 0.06566183167108042 1 0.5983077084929298
700 1 0.0 1 0.06566183167108042 1 0.5983077084929298
701 1 0.0 1 0.06566183167108042 1 0.5983077084929298
702 1 0.0 1 0.06566183167108042 1 0.5983077084929298
703 1 0.0 1 0.06566183167108042 1 0.5983077084929298
704 1 0.0 1 0.06566183167108042 1 0.5983077084929298
705 1 0.0 1 0.06566183167108042 1 0.5983077084929298
706 1 0.0 1 0.06566183167108042 1 0.5983077084929298
707 1 0.0 1 0.06566183167108042 1 0.5983077084929298
708 1 0.0 1 0.06566183167108042 1 0.5983077084929298
709 1 0.0 1 0.06566183167108042 1 0.5983077084929298
710 1 0.0 1 0.06566183167108042 1 0.5983077084929298
711 1 0.0 1 0.06566183167108042 1 0.5983077084929298
712 1 0.0 1 0.06566183167108042 1 0.5983077084929298
713 1 0.0 1 0.06566183167108042 1 0.5983077084929298
714 1 0.0 1 0.06566183167108042 1 0.5983077084929298
715 1 0.0 1 0.06566183167108042 1 0.5983077084929298
716 1 0.0 1 0.06566183167108042 1 0.5983077084929298
717 1 0.0 1 0.06566183167108042 1 0.5983077084929298
718 1 0.0 1 0.06566183167108042 1 0.5983077084929298
719 1 0.0 1 0.06566183167108042 1 0.5983077084929298
720 1 0.0 1 0.06566183167108042 1 0.5983077084929298
721 1 0.0 1 0.06566183167108042 1 0.5983077084929298
722 1 0.0 1 0.06566183167108042 1 0.5983077084929298
723 1 0.0 1 0.06566183167108042 1 0.5983077084929298
724 1 0.0 1 0.06566183167108042 1 0.5983077084929298
725 1 0.0 1 0.06566183167108042 1 0.5983077084929298
726 1 0.0 1 0.06566183167108042 1 0.5983077084929298
727 1 0.0 1 0.06566183167108042 1 0.5983077084929298
728 1 0.0 1 0.06566183167108042 1 0.5983077084929298
729 1 0.0 1 0.06566183167108042 1 0.5983077084929298
730 1 0.0 1 0.06566183167108042 1 0.5983077084929298
731 1 0.0 1 0.06566183167108042 1 0.5983077084929298
732 1 0.0 1 0.06566183167108042 1 0.5983077084929298
733 1 0.0 1 0.06566183167108042 1 0.5983077084929298
734 1 0.0 1 0.06566183167108042 1 0.5983077084929298
735 1 0.0 1 0.06566183167108042 1 0.5983077084929298
736 1 0.0 1 0.06566183167108042 1 0.5983077084929298
737 1 0.0 1 0.06566183167108042 1 0.5983077084929298
738 1 0.0 1 0.06566183167108042 1 0.5983077084929298
739 1 0.0 1 0.06566183167108042 1 0.5983077084929298
740 1 0.0 1 0.06566183167108042 1 0.5983077084929298
741 1 0.0 1 0.06566183167108042 1 0.5983077084929298
742 1 0.0 1 0.06566183167108042 1 0.5983077084929298
743 1 0.0 1 0.06566183167108042 1 0.5983077084929298
744 1 0.0 1 0.06566183167108042 1 0.5983077084929298
745 1 0.0 1 0.06566183167108042 1 0.5983077084929298
746 1 0.0 1 0.06566183167108042 1 0.5983077084929298
747 1 0.0 1 0.06566183167108042 1 0.5983077084929298
748 1 0.0 1 0.06566183167108042 1 0.5983077084929298
749 1 0.0 1 0.06566183167108042 1 0.5983077084929298
750 1 0.0 1 0.06566183167108042 1 0.5983077084929298
751 1 0.0 1 0.06566183167108042 1 0.5983077084929298
752 1 0.0 1 0.06566183167108042 1 0.5983077084929298
753 1 0.0 1 0.06566183167108042 1 0.5983077084929298
754 1 0.0 1 0.06566183167108042 1 0.5983077084929298
755 1 0.0 1 0.06566183167108042 1 0.5983077084929298
756 1 0.0 1 0.06566183167108042 1 0.5983077084929298
757 1 0.0 1 0.06566183167108042 1 0.5983077084929298
758 1 0.0 1 0.06566183167108042 1 0.5983077084929298
759 1 0.0 1 0.06566183167108042 1 0.5983077084929298
760 1 0.0 1 0.06566183167108042 1 0.5983077084929298
761 1 0.0 1 0.06566183167108042 1 0.5983077084929298
762 1 0.0 1 0.06566183167108042 1 0.5983077084929298
763 1 0.0 1 0.06566183167108042 1 0.5983077084929298
764 1 0.0 1 0.06566183167108042 1 0.5983077084929298
765 1 0.0 1 0.06566183167108042 1 0.5983077084929298
766 1 0.0 1 0.06566183167108042 1 0.5983077084929298
767 1 0.0 1 0.06566183167108042 1 0.5983077084929298
768 1 0.0 1 0.06566183167108042 1 0.5983077084929298
769 1 0.0 1 0.06566183167108042 1 0.5983077084929298
770 1 0.0 1 0.06566183167108042 1 0.5983077084929298
771 1 0.0 1 0.06566183167108042 1 0.5983077084929298
772 1 0.0 1 0.06566183167108042 1 0.5983077084929298
773 1 0.0 1 0.06566183167108042 1 0.5983077084929298
774 1 0.0 1 0.06566183167108042 1 0.5983077084929298
775 1 0.0 1 0.06566183167108042 1 0.5983077084929298
776 1 0.0 1 0.06566183167108042 1 0.5983077084929298
777 1 0.0 1 0.06566183167108042 1 0.5983077084929298
778 1 0.0 1 0.06566183167108042 1 0.5983077084929298
779 1 0.0 1 0.06566183167108042 1 0.5983077084929298
780 1 0.0 1 0.06566183167108042 1 0.5983077084929298
781 1 0.0 1 0.06566183167108042 1 0.5983077084929298
782 1 0.0 1 0.06566183167108042 1 0.5983077084929298
783 1 0.0 1 0.06566183167108042 1 0.5983077084929298
784 1 0.0 1 0.06566183167108042 1 0.5983077084929298
785 1 0.0 1 0.06566183167108042 1 0.5983077084929298
786 1 0.0 1 0.06566183167108042 1 0.5983077084929298
787 1 0.0 1 0.06566183167108042 1 0.5983077084929298
788 1 0.0 1 0.06566183167108042 1 0.5983077084929298
789 1 0.0 1 0.06566183167108042 1 0.5983077084929298
790 1 0.0 1 0.06566183167108042 1 0.5983077084929298
791 1 0.0 1 0.06566183167108042 1 0.5983077084929298
792 1 0.0 1 0.06566183167108042 1 0.5983077084929298
793 1 0.0 1 0.06566183167108042 1 0.5983077084929298
794 1 0.0 1 0.06566183167108042 1 0.5983077084929298
795 1 0.0 1 0.06566183167108042 1 0.5983077084929298
796 1 0.0 1 0.06566183167108042 1 0.5983077084929298
797 1 0.0 1 0.06566183167108042 1 0.5983077084929298
798 1 0.0 1 0.06566183167108042 1 0.5983077084929298
799 1 0.0 1 0.06566183167108042 1 0.5983077084929298
800 1 0.0 1 0.06566183167108042 1 0.5983077084929298
801 1 0.0 1 0.06566183167108042 1 0.5983077084929298
802 1 0.0 1 0.06566183167108042 1 0.5983077084929298
803 1 0.0 1 0.06566183167108042 1 0.5983077084929298
804 1 0.0 1 0.06566183167108042 1 0.5983077084929298
805 1 0.0 1 0.06566183167108042 1 0.5983077084929298
806 1 0.0 1 0.06566183167108042 1 0.5983077084929298
807 1 0.0 1 0.06566183167108042 1 0.5983077084929298
808 1 0.0 1 0.06566183167108042 1 0.5983077084929298
809 1 0.0 1 0.06566183167108042 1 0.5983077084929298
810 1 0.0 1 0.06566183167108042 1 0.5983077084929298
811 1 0.0 1 0.06566183167108042 1 0.5983077084929298
812 1 0.0 1 0.06566183167108042 1 0.5983077084929298
813 1 0.0 1 0.06566183167108042 1 0.5983077084929298
814 1 0.0 1 0.06566183167108042 1 0.5983077084929298
815 1 0.0 1 0.06566183167108042 1 0.5983077084929298
816 1 0.0 1 0.06566183167108042 1 0.5983077084929298
817 1 0.0 1 0.06566183167108042 1 0.5983077084929298
818 1 0.0 1 0.06566183167108042 1 0.5983077084929298
819 1 0.0 1 0.06566183167108042 1 0.5983077084929298
820 1 0.0 1 0.06566183167108042 1 0.5983077084929298
821 1 0.0 1 0.06566183167108042 1 0.5983077084929298
822 1 0.0 1 0.06566183167108042 1 0.5983077084929298
823 1 0.0 1 0.06566183167108042 1 0.5983077084929298
824 1 0.0 1 0.06566183167108042 1 0.5983077084929298
825 1 0.0 1 0.06566183167108042 1 0.5983077084929298
826 1 0.0 1 0.06566183167108042 1 0.5983077084929298
827 1 0.0 1 0.06566183167108042 1 0.5983077084929298
828 1 0.0 1 0.06566183167108042 1 0.5983077084929298
829 1 0.0 1 0.06566183167108042 1 0.5983077084929298
830 1 0.0 1 0.06566183167108042 1 0.5983077084929298
831 1 0.0 1 0.06566183167108042 1 0.5983077084929298
832 1 0.0 1 0.06566183167108042 1 0.5983077084929298
833 1 0.0 1 0.06566183167108042 1 0.5983077084929298
834 1 0.0 1 0.06566183167108042 1 0.5983077084929298
835 1 0.0 1 0.06566183167108042 1 0.5983077084929298
836 1 0.0 1 0.06566183167108042 1 0.5983077084929298
837 1 0.0 1 0.06566183167108042 1 0.5983077084929298
838 1 0.0 1 0.06566183167108042 1 0.5983077084929298
839 1 0.0 1 0.06566183167108042 1 0.5983077084929298
840 1 0.0 1 0.06566183167108042 1 0.5983077084929298
841 1 0.0 1 0.06566183167108042 1 0.5983077084929298
842 1 0.0 1 0.06566183167108042 1 0.5983077084929298
843 1 0.0 1 0.06566183167108042 1 0.5983077084929298
844 1 0.0 1 0.06566183167108042 1 0.5983077084929298
845 1 0.0 1 0.06566183167108042 1 0.5983077084929298
846 1 0.0 1 0.06566183167108042 1 0.5983077084929298
847 1 0.0 1 0.06566183167108042 1 0.5983077084929298
848 1 0.0 1 0.06566183167108042 1 0.5983077084929298
849 1 0.0 1 0.06566183167108042 1 0.5983077084929298
850 1 0.0 1 0.06566183167108042 1 0.5983077084929298
851 1 0.0 1 0.06566183167108042 1 0.5983077084929298
852 1 0.0 1 0.06566183167108042 1 0.5983077084929298
853 1 0.0 1 0.06566183167108042 1 0.5983077084929298
854 1 0.0 1 0.06566183167108042 1 0.5983077084929298
855 1 0.0 1 0.06566183167108042 1 0.5983077084929298
856 1 0.0 1 0.06566183167108042 1 0.5983077084929298
857 1 0.0 1 0.06566183167108042 1 0.5983077084929298
858 1 0.0 1 0.06566183167108042 1 0.5983077084929298
859 1 0.0 1 0.06566183167108042 1 0.5983077084929298
860 1 0.0 1 0.06566183167108042 1 0.5983077084929298
861 1 0.0 1 0.06566183167108042 1 0.5983077084929298
862 1 0.0 1 0.06566183167108042 1 0.5983077084929298
863 1 0.0 1 0.06566183167108042 1 0.5983077084929298
864 1 0.0 1 0.06566183167108042 1 0.5983077084929298
865 1 0.0 1 0.06566183167108042 1 0.5983077084929298
866 1 0.0 1 0.06566183167108042 1 0.5983077084929298
867 1 0.0 1 0.06566183167108042 1 0.5983077084929298
868 1 0.0 1 0.06566183167108042 1 0.5983077084929298
869 1 0.0 1 0.06566183167108042 1 0.5983077084929298
870 1 0.0 1 0.06566183167108042 1 0.5983077084929298
871 1 0.0 1 0.06566183167108042 1 0.5983077084929298
872 1 0.0 1 0.06566183167108042 1 0.5983077084929298
873 1 0.0 1 0.06566183167108042 1 0.5983077084929298
874 1 0.0 1 0.06566183167108042 1 0.5983077084929298
875 1 0.0 1 0.06566183167108042 1 0.5983077084929298
876 1 0.0 1 0.06566183167108042 1 0.5983077084929298
877 1 0.0 1 0.06566183167108042 1 0.5983077084929298
878 1 0.0 1 0.06566183167108042 1 0.5983077084929298
879 1 0.0 1 0.06566183167108042 1 0.5983077084929298
880 1 0.0 1 0.06566183167108042 1 0.5983077084929298
881 1 0.0 1 0.06566183167108042 1 0.5983077084929298
882 1 0.0 1 0.06566183167108042 1 0.5983077084929298
883 1 0.0 1 0.06566183167108042 1 0.5983077084929298
884 1 0.0 1 0.06566183167108042 1 0.5983077084929298
885 1 0.0 1 0.06566183167108042 1 0.5983077084929298
886 1 0.0 1 0.06566183167108042 1 0.5983077084929298
887 1 0.0 1 0.06566183167108042 1 0.5983077084929298
888 1 0.0 1 0.06566183167108042 1 0.5983077084929298
889 1 0.0 1 0.06566183167108042 1 0.5983077084929298
890 1 0.0 1 0.06566183167108042 1 0.5983077084929298
891 1 0.0 1 0.06566183167108042 1 0.5983077084929298
892 1 0.0 1 0.06566183167108042 1 0.5983077084929298
893 1 0.0 1 0.06566183167108042 1 0.5983077084929298
894 1 0.0 1 0.06566183167108042 1 0.5983077084929298
895 1 0.0 1 0.06566183167108042 1 0.5983077084929298
896 1 0.0 1 0.06566183167108042 1 0.5983077084929298
897 1 0.0 1 0.06566183167108042 1 0.5983077084929298
898 1 0.0 1 0.06566183167108042 1 0.5983077084929298
899 1 0.0 1 0.06566183167108042 1 0.5983077084929298
900 1 0.0 1 0.06566183167108042 1 0.5983077084929298
901 1 0.0 1 0.06566183167108042 1 0.5983077084929298
902 1 0.0 1 0.06566183167108042 1 0.5983077084929298
903 1 0.0 1 0.06566183167108042 1 0.5983077084929298
904 1 0.0 1 0.06566183167108042 1 0.5983077084929298
905 1 0.0 1 0.06566183167108042 1 0.5983077084929298
906 1 0.0 1 0.06566183167108042 1 0.5983077084929298
907 1 0.0 1 0.06566183167108042 1 0.5983077084929298
908 1 0.0 1 0.06566183167108042 1 0.5983077084929298
909 1 0.0 1 0.06566183167108042 1 0.5983077084929298
910 1 0.0 1 0.06566183167108042 1 0.5983077084929298
911 1 0.0 1 0.06566183167108042 1 0.5983077084929298
912 1 0.0 1 0.06566183167108042 1 0.5983077084929298
913 1 0.0 1 0.06566183167108042 1 0.5983077084929298
914 1 0.0 1 0.06566183167108042 1 0.5983077084929298
915 1 0.0 1 0.06566183167108042 1 0.5983077084929298
916 1 0.0 1 0.06566183167108042 1 0.5983077084929298
917 1 0.0 1 0.06566183167108042 1 0.5983077084929298
918 1 0.0 1 0.06566183167108042 1 0.5983077084929298
919 1 0.0 1 0.06566183167108042 1 0.5983077084929298
920 1 0.0 1 0.06566183167108042 1 0.5983077084929298
921 1 0.0 1 0.06566183167108042 1 0.5983077084929298
922 1 0.0 1 0.06566183167108042 1 0.5983077084929298
923 1 0.0 1 0.06566183167108042 1 0.5983077084929298
924 1 0.0 1 0.06566183167108042 1 0.5983077084929298
925 1 0.0 1 0.06566183167108042 1 0.5983077084929298
926 1 0.0 1 0.06566183167108042 1 0.5983077084929298
927 1 0.0 1 0.06566183167108042 1 0.5983077084929298
928 1 0.0 1 0.06566183167108042 1 0.5983077084929298
929 1 0.0 1 0.06566183167108042 1 0.5983077084929298
930 1 0.0 1 0.06566183167108042 1 0.5983077084929298
931 1 0.0 1 0.06566183167108042 1 0.5983077084929298
932 1 0.0 1 0.06566183167108042 1 0.5983077084929298
933 1 0.0 1 0.06566183167108042 1 0.5983077084929298
934 1 0.0 1 0.06566183167108042 1 0.5983077084929298
935 1 0.0 1 0.06566183167108042 1 0.5983077084929298
936 1 0.0 1 0.06566183167108042 1 0.5983077084929298
937 1 0.0 1 0.06566183167108042 1 0.5983077084929298
938 1 0.0 1 0.06566183167108042 1 0.5983077084929298
939 1 0.0 1 0.06566183167108042 1 0.5983077084929298
940 1 0.0 1 0.06566183167108042 1 0.5983077084929298
941 1 0.0 1 0.06566183167108042 1 0.5983077084929298
942 1 0.0 1 0.06566183167108042 1 0.5983077084929298
943 1 0.0 1 0.06566183167108042 1 0.5983077084929298
944 1 0.0 1 0.06566183167108042 1 0.5983077084929298
945 1 0.0 1 0.06566183167108042 1 0.5983077084929298
946 1 0.0 1 0.06566183167108042 1 0.5983077084929298
947 1 0.0 1 0.06566183167108042 1 0.5983077084929298
948 1 0.0 1 0.06566183167108042 1 0.5983077084929298
949 1 0.0 1 0.06566183167108042 1 0.5983077084929298
950 1 0.0 1 0.06566183167108042 1 0.5983077084929298
951 1 0.0 1 0.06566183167108042 1 0.5983077084929298
952 1 0.0 1 0.06566183167108042 1 0.5983077084929298
953 1 0.0 1 0.06566183167108042 1 0.5983077084929298
954 1 0.0 1 0.06566183167108042 1 0.5983077084929298
955 1 0.0 1 0.06566183167108042 1 0.5983077084929298
956 1 0.0 1 0.06566183167108042 1 0.5983077084929298
957 1 0.0 1 0.06566183167108042 1 0.5983077084929298
958 1 0.0 1 0.06566183167108042 1 0.5983077084929298
959 1 0.0 1 0.06566183167108042 1 0.5983077084929298
960 1 0.0 1 0.06566183167108042 1 0.5983077084929298
961 1 0.0 1 0.06566183167108042 1 0.5983077084929298
962 1 0.0 1 0.06566183167108042 1 0.5983077084929298
963 1 0.0 1 0.06566183167108042 1 0.5983077084929298
964 1 0.0 1 0.06566183167108042 1 0.5983077084929298
965 1 0.0 1 0.06566183167108042 1 0.5983077084929298
966 1 0.0 1 0.06566183167108042 1 0.5983077084929298
967 1 0.0 1 0.06566183167108042 1 0.5983077084929298
968 1 0.0 1 0.06566183167108042 1 0.5983077084929298
969 1 0.0 1 0.06566183167108042 1 0.5983077084929298
970 1 0.0 1 0.06566183167108042 1 0.5983077084929298
971 1 0.0 1 0.06566183167108042 1 0.5983077084929298
972 1 0.0 1 0.06566183167108042 1 0.5983077084929298
973 1 0.0 1 0.06566183167108042 1 0.5983077084929298
974 1 0.0 1 0.06566183167108042 1 0.5983077084929298
975 1 0.0 1 0.06566183167108042 1 0.5983077084929298
976 1 0.0 1 0.06566183167108042 1 0.5983077084929298
977 1 0.0 1 0.06566183167108042 1 0.5983077084929298
978 1 0.0 1 0.06566183167108042 1 0.5983077084929298
979 1 0.0 1 0.06566183167108042 1 0.5983077084929298
980 1 0.0 1 0.06566183167108042 1 0.5983077084929298
981 1 0.0 1 0.06566183167108042 1 0.5983077084929298
982 1 0.0 1 0.06566183167108042 1 0.5983077084929298
983 1 0.0 1 0.06566183167108042 1 0.5983077084929298
984 1 0.0 1 0.06566183167108042 1 0.5983077084929298
985 1 0.0 1 0.06566183167108042 1 0.5983077084929298
986 1 0.0 1 0.06566183167108042 1 0.5983077084929298
987 1 0.0 1 0.06566183167108042 1 0.5983077084929298
988 1 0.0 1 0.06566183167108042 1 0.5983077084929298
989 1 0.0 1 0.06566183167108042 1 0.5983077084929298
990 1 0.0 1 0.06566183167108042 1 0.5983077084929298
991 1 0.0 1 0.06566183167108042 1 0.5983077084929298
992 1 0.0 1 0.06566183167108042 1 0.5983077084929298
993 1 0.0 1 0.06566183167108042 1 0.5983077084929298
994 1 0.0 1 0.06566183167108042 1 0.5983077084929298
995 1 0.0 1 0.06566183167108042 1 0.5983077084929298
996 1 0.0 1 0.06566183167108042 1 0.5983077084929298
997 1 0.0 1 0.06566183167108042 1 0.5983077084929298
998 1 0.0 1 0.06566183167108042 1 0.5983077084929298
999 1 0.0 1 0.06566183167108042 1 0.5983077084929298
1000 1 0.0 1 0.06566183167108042 1 0.5983077084929298
1001 1 0.0 1 0.06566183167108042 1 0.5983077084929298
1002 1 0.0 1 0.06566183167108042 1 0.5983077084929298
1003 1 0.0 1 0.06566183167108042 1 0.5983077084929298
1004 1 0.0 1 0.06566183167108042 1 0.5983077084929298
1005 1 0.0 1 0.06566183167108042 1 0.5983077084929298
1006 1 0.0 1 0.06566183167108042 1 0.5983077084929298
1007 1 0.0 1 0.06566183167108042 1 0.5983077084929298
1008 1 0.0 1 0.06566183167108042 1 0.5983077084929298
1009 1 0.0 1 0.06566183167108042 1 0.5983077084929298
1010 1 0.0 1 0.06566183167108042 1 0.5983077084929298
1011 1 0.0 1 0.06566183167108042 1 0.5983077084929298
1012 1 0.0 1 0.06566183167108042 1 0.5983077084929298
1013 1 0.0 1 0.06566183167108042 1 0.5983077084929298
1014 1 0.0 1 0.06566183167108042 1 0.5983077084929298
1015 1 0.0 1 0.06566183167108042 1 0.5983077084929298
1016 1 0.0 1 0.06566183167108042 1 0.5983077084929298
1017 1 0.0 1 0.06566183167108042 1 0.5983077084929298
1018 1 0.0 1 0.06566183167108042 1 0.5983077084929298
1019 1 0.0 1 0.06566183167108042 1 0.5983077084929298
1020 1 0.0 1 0.06566183167108042 1 0.5983077084929298
1021 1 0.0 1 0.06566183167108042 1 0.5983077084929298
1022 1 0.0 1 0.06566183167108042 1 0.5983077084929298
1023 1 0.0 1 0.06566183167108042 1 0.5983077084929298
1024 1 0.0 1 0.06566183167108042 1 0.5983077084929298
1025 1 0.0 1 0.06566183167108042 1 0.5983077084929298
1026 1 0.0 1 0.06566183167108042 1 0.5983077084929298
1027 1 0.0 1 0.06566183167108042 1 0.5983077084929298
1028 1 0.0 1 0.06566183167108042 1 0.5983077084929298
1029 1 0.0 1 0.06566183167108042 1 0.5983077084929298
1030 1 0.0 1 0.06566183167108042 1 0.5983077084929298
1031 1 0.0 1 0.06566183167108042 1 0.5983077084929298
1032 1 0.0 1 0.06566183167108042 1 0.5983077084929298
1033 1 0.0 1 0.06566183167108042 1 0.5983077084929298
1034 1 0.0 1 0.06566183167108042 1 0.5983077084929298
1035 1 0.0 1 0.06566183167108042 1 0.5983077084929298
1036 1 0.0 1 0.06566183167108042 1 0.5983077084929298
1037 1 0.0 1 0.06566183167108042 1 0.5983077084929298
1038 1 0.0 1 0.06566183167108042 1 0.5983077084929298
1039 1 0.0 1 0.06566183167108042 1 0.5983077084929298
1040 1 0.0 1 0.06566183167108042 1 0.5983077084929298
1041 1 0.0 1 0.06566183167108042 1 0.5983077084929298
1042 1 0.0 1 0.06566183167108042 1 0.5983077084929298
1043 1 0.0 1 0.06566183167108042 1 0.5983077084929298
1044 1 0.0 1 0.06566183167108042 1 0.5983077084929298
1045 1 0.0 1 0.06566183167108042 1 0.5983077084929298
1046 1 0.0 1 0.06566183167108042 1 0.5983077084929298
1047 1 0.0 1 0.06566183167108042 1 0.5983077084929298
1048 1 0.0 1 0.06566183167108042 1 0.5983077084929298
1049 1 0.0 1 0.06566183167108042 1 0.5983077084929298
1050 1 0.0 1 0.06566183167108042 1 0.5983077084929298
1051 1 0.0 1 0.06566183167108042 1 0.5983077084929298
1052 1 0.0 1 0.06566183167108042 1 0.5983077084929298
1053 1 0.0 1 0.06566183167108042 1 0.5983077084929298
1054 1 0.0 1 0.06566183167108042 1 0.5983077084929298
1055 1 0.0 1 0.06566183167108042 1 0.5983077084929298
1056 1 0.0 1 0.06566183167108042 1 0.5983077084929298
1057 1 0.0 1 0.06566183167108042 1 0.5983077084929298
1058 1 0.0 1 0.06566183167108042 1 0.5983077084929298
1059 1 0.0 1 0.06566183167108042 1 0.5983077084929298
1060 1 0.0 1 0.06566183167108042 1 0.5983077084929298
1061 1 0.0 1 0.06566183167108042 1 0.5983077084929298
1062 1 0.0 1 0.06566183167108042 1 0.5983077084929298
1063 1 0.0 1 0.06566183167108042 1 0.5983077084929298
1064 1 0.0 1 0.06566183167108042 1 0.5983077084929298
1065 1 0.0 1 0.06566183167108042 1 0.5983077084929298
1066 1 0.0 1 0.06566183167108042 1 0.5983077084929298
1067 1 0.0 1 0.06566183167108042 1 0.5983077084929298
1068 1 0.0 1 0.06566183167108042 1 0.5983077084929298
1069 1 0.0 1 0.06566183167108042 1 0.5983077084929298
1070 1 0.0 1 0.06566183167108042 1 0.5983077084929298
1071 1 0.0 1 0.06566183167108042 1 0.5983077084929298
1072 1 0.0 1 0.06566183167108042 1 0.5983077084929298
1073 1 0.0 1 0.06566183167108042 1 0.5983077084929298
1074 1 0.0 1 0.06566183167108042 1 0.5983077084929298
1075 1 0.0 1 0.06566183167108042 1 0.5983077084929298
1076 1 0.0 1 0.06566183167108042 1 0.5983077084929298
1077 1 0.0 1 0.06566183167108042 1 0.5983077084929298
1078 1 0.0 1 0.06566183167108042 1 0.5983077084929298
1079 1 0.0 1 0.06566183167108042 1 0.5983077084929298
1080 1 0.0 1 0.06566183167108042 1 0.5983077084929298
1081 1 0.0 1 0.06566183167108042 1 0.5983077084929298
1082 1 0.0 1 0.06566183167108042 1 0.5983077084929298
1083 1 0.0 1 0.06566183167108042 1 0.5983077084929298
1084 1 0.0 1 0.06566183167108042 1 0.5983077084929298
1085 1 0.0 1 0.06566183167108042 1 0.5983077084929298
1086 1 0.0 1 0.06566183167108042 1 0.5983077084929298
1087 1 0.0 1 0.06566183167108042 1 0.5983077084929298
1088 1 0.0 1 0.06566183167108042 1 0.5983077084929298
1089 1 0.0 1 0.06566183167108042 1 0.5983077084929298
1090 1 0.0 1 0.06566183167108042 1 0.5983077084929298
1091 1 0.0 1 0.06566183167108042 1 0.5983077084929298
1092 1 0.0 1 0.06566183167108042 1 0.5983077084929298
1093 1 0.0 1 0.06566183167108042 1 0.5983077084929298
1094 1 0.0 1 0.06566183167108042 1 0.5983077084929298
1095 1 0.0 1 0.06566183167108042 1 0.5983077084929298
1096 1 0.0 1 0.06566183167108042 1 0.5983077084929298
1097 1 0.0 1 0.06566183167108042 1 0.5983077084929298
1098 1 0.0 1 0.06566183167108042 1 0.5983077084929298
1099 1 0.0 1 0.06566183167108042 1 0.5983077084929298
1100 1 0.0 1 0.06566183167108042 1 0.5983077084929298
1101 1 0.0 1 0.06566183167108042 1 0.5983077084929298
1102 1 0.0 1 0.06566183167108042 1 0.5983077084929298
1103 1 0.0 1 0.06566183167108042 1 0.5983077084929298
1104 1 0.0 1 0.06566183167108042 1 0.5983077084929298
1105 1 0.0 1 0.06566183167108042 1 0.5983077084929298
1106 1 0.0 1 0.06566183167108042 1 0.5983077084929298
1107 1 0.0 1 0.06566183167108042 1 0.5983077084929298
1108 1 0.0 1 0.06566183167108042 1 0.5983077084929298
1109 1 0.0 1 0.06566183167108042 1 0.5983077084929298
1110 1 0.0 1 0.06566183167108042 1 0.5983077084929298
1111 1 0.0 1 0.06566183167108042 1 0.5983077084929298
1112 1 0.0 1 0.06566183167108042 1 0.5983077084929298
1113 1 0.0 1 0.06566183167108042 1 0.5983077084929298
1114 1 0.0 1 0.06566183167108042 1 0.5983077084929298
1115 1 0.0 1 0.06566183167108042 1 0.5983077084929298
1116 1 0.0 1 0.06566183167108042 1 0.5983077084929298
1117 1 0.0 1 0.06566183167108042 1 0.5983077084929298
1118 1 0.0 1 0.06566183167108042 1 0.5983077084929298
1119 1 0.0 1 0.06566183167108042 1 0.5983077084929298
1120 1 0.0 1 0.06566183167108042 1 0.5983077084929298
1121 1 0.0 1 0.06566183167108042 1 0.5983077084929298
1122 1 0.0 1 0.06566183167108042 1 0.5983077084929298
1123 1 0.0 1 0.06566183167108042 1 0.5983077084929298
1124 1 0.0 1 0.06566183167108042 1 0.5983077084929298
1125 1 0.0 1 0.06566183167108042 1 0.5983077084929298
1126 1 0.0 1 0.06566183167108042 1 0.5983077084929298
1127 1 0.0 1 0.06566183167108042 1 0.5983077084929298
1128 1 0.0 1 0.06566183167108042 1 0.5983077084929298
1129 1 0.0 1 0.06566183167108042 1 0.5983077084929298
1130 1 0.0 1 0.06566183167108042 1 0.5983077084929298
1131 1 0.0 1 0.06566183167108042 1 0.5983077084929298
1132 1 0.0 1 0.06566183167108042 1 0.5983077084929298
1133 1 0.0 1 0.06566183167108042 1 0.5983077084929298
1134 1 0.0 1 0.06566183167108042 1 0.5983077084929298
1135 1 0.0 1 0.06566183167108042 1 0.5983077084929298
1136 1 0.0 1 0.06566183167108042 1 0.5983077084929298
1137 1 0.0 1 0.06566183167108042 1 0.5983077084929298
1138 1 0.0 1 0.06566183167108042 1 0.5983077084929298
1139 1 0.0 1 0.06566183167108042 1 0.5983077084929298
1140 1 0.0 1 0.06566183167108042 1 0.5983077084929298
1141 1 0.0 1 0.06566183167108042 1 0.5983077084929298
1142 1 0.0 1 0.06566183167108042 1 0.5983077084929298
1143 1 0.0 1 0.06566183167108042 1 0.5983077084929298
1144 1 0.0 1 0.06566183167108042 1 0.5983077084929298
1145 1 0.0 1 0.06566183167108042 1 0.5983077084929298
1146 1 0.0 1 0.06566183167108042 1 0.5983077084929298
1147 1 0.0 1 0.06566183167108042 1 0.5983077084929298
1148 1 0.0 1 0.06566183167108042 1 0.5983077084929298
1149 1 0.0 1 0.06566183167108042 1 0.5983077084929298
1150 1 0.0 1 0.06566183167108042 1 0.5983077084929298
1151 1 0.0 1 0.06566183167108042 1 0.5983077084929298
1152 1 0.0 1 0.06566183167108042 1 0.5983077084929298
1153 1 0.0 1 0.06566183167108042 1 0.5983077084929298
1154 1 0.0 1 0.06566183167108042 1 0.5983077084929298
1155 1 0.0 1 0.06566183167108042 1 0.5983077084929298
1156 1 0.0 1 0.06566183167108042 1 0.5983077084929298
1157 1 0.0 1 0.06566183167108042 1 0.5983077084929298
1158 1 0.0 1 0.06566183167108042 1 0.5983077084929298
1159 1 0.0 1 0.06566183167108042 1 0.5983077084929298
1160 1 0.0 1 0.06566183167108042 1 0.5983077084929298
1161 1 0.0 1 0.06566183167108042 1 0.5983077084929298
1162 1 0.0 1 0.06566183167108042 1 0.5983077084929298
1163 1 0.0 1 0.06566183167108042 1 0.5983077084929298
1164 1 0.0 1 0.06566183167108042 1 0.5983077084929298
1165 1 0.0 1 0.06566183167108042 1 0.5983077084929298
1166 1 0.0 1 0.06566183167108042 1 0.5983077084929298
1167 1 0.0 1 0.06566183167108042 1 0.5983077084929298
1168 1 0.0 1 0.06566183167108042 1 0.5983077084929298
1169 1 0.0 1 0.06566183167108042 1 0.5983077084929298
1170 1 0.0 1 0.06566183167108042 1 0.5983077084929298
1171 1 0.0 1 0.06566183167108042 1 0.5983077084929298
1172 1 0.0 1 0.06566183167108042 1 0.5983077084929298
1173 1 0.0 1 0.06566183167108042 1 0.5983077084929298
1174 1 0.0 1 0.06566183167108042 1 0.5983077084929298
1175 1 0.0 1 0.06566183167108042 1 0.5983077084929298
1176 1 0.0 1 0.06566183167108042 1 0.5983077084929298
1177 1 0.0 1 0.06566183167108042 1 0.5983077084929298
1178 1 0.0 1 0.06566183167108042 1 0.5983077084929298
1179 1 0.0 1 0.06566183167108042 1 0.5983077084929298
1180 1 0.0 1 0.06566183167108042 1 0.5983077084929298
1181 1 0.0 1 0.06566183167108042 1 0.5983077084929298
1182 1 0.0 1 0.06566183167108042 1 0.5983077084929298
1183 1 0.0 1 0.06566183167108042 1 0.5983077084929298
1184 1 0.0 1 0.06566183167108042 1 0.5983077084929298
1185 1 0.0 1 0.06566183167108042 1 0.5983077084929298
1186 1 0.0 1 0.06566183167108042 1 0.5983077084929298
1187 1 0.0 1 0.06566183167108042 1 0.5983077084929298
1188 1 0.0 1 0.06566183167108042 1 0.5983077084929298
1189 1 0.0 1 0.06566183167108042 1 0.5983077084929298
1190 1 0.0 1 0.06566183167108042 1 0.5983077084929298
1191 1 0.0 1 0.06566183167108042 1 0.5983077084929298
1192 1 0.0 1 0.06566183167108042 1 0.5983077084929298
1193 1 0.0 1 0.06566183167108042 1 0.5983077084929298
1194 1 0.0 1 0.06566183167108042 1 0.5983077084929298
1195 1 0.0 1 0.06566183167108042 1 0.5983077084929298
1196 1 0.0 1 0.06566183167108042 1 0.5983077084929298
1197 1 0.0 1 0.06566183167108042 1 0.5983077084929298
1198 1 0.0 1 0.06566183167108042 1 0.5983077084929298
1199 1 0.0 1 0.06566183167108042 1 0.5983077084929298
1200 1 0.0 1 0.06566183167108042 1 0.5983077084929298
1201 1 0.0 1 0.06566183167108042 1 0.5983077084929298
1202 1 0.0 1 0.06566183167108042 1 0.5983077084929298
1203 1 0.0 1 0.06566183167108042 1 0.5983077084929298
1204 1 0.0 1 0.06566183167108042 1 0.5983077084929298
1205 1 0.0 1 0.06566183167108042 1 0.5983077084929298
1206 1 0.0 1 0.06566183167108042 1 0.5983077084929298
1207 1 0.0 1 0.06566183167108042 1 0.5983077084929298
1208 1 0.0 1 0.06566183167108042 1 0.5983077084929298
1209 1 0.0 1 0.06566183167108042 1 0.5983077084929298
1210 1 0.0 1 0.06566183167108042 1 0.5983077084929298
1211 1 0.0 1 0.06566183167108042 1 0.5983077084929298
1212 1 0.0 1 0.06566183167108042 1 0.5983077084929298
1213 1 0.0 1 0.06566183167108042 1 0.5983077084929298
1214 1 0.0 1 0.06566183167108042 1 0.5983077084929298
1215 1 0.0 1 0.06566183167108042 1 0.5983077084929298
1216 1 0.0 1 0.06566183167108042 1 0.5983077084929298
1217 1 0.0 1 0.06566183167108042 1 0.5983077084929298
1218 1 0.0 1 0.06566183167108042 1 0.5983077084929298
1219 1 0.0 1 0.06566183167108042 1 0.5983077084929298
1220 1 0.0 1 0.06566183167108042 1 0.5983077084929298
1221 1 0.0 1 0.06566183167108042 1 0.5983077084929298
1222 1 0.0 1 0.06566183167108042 1 0.5983077084929298
1223 1 0.0 1 0.06566183167108042 1 0.5983077084929298
1224 1 0.0 1 0.06566183167108042 1 0.5983077084929298
1225 1 0.0 1 0.06566183167108042 1 0.5983077084929298
1226 1 0.0 1 0.06566183167108042 1 0.5983077084929298
1227 1 0.0 1 0.06566183167108042 1 0.5983077084929298
1228 1 0.0 1 0.06566183167108042 1 0.5983077084929298
1229 1 0.0 1 0.06566183167108042 1 0.5983077084929298
1230 1 0.0 1 0.06566183167108042 1 0.5983077084929298
1231 1 0.0 1 0.06566183167108042 1 0.5983077084929298
1232 1 0.0 1 0.06566183167108042 1 0.5983077084929298
1233 1 0.0 1 0.06566183167108042 1 0.5983077084929298
1234 1 0.0 1 0.06566183167108042 1 0.5983077084929298
1235 1 0.0 1 0.06566183167108042 1 0.5983077084929298
1236 1 0.0 1 0.06566183167108042 1 0.5983077084929298
1237 1 0.0 1 0.06566183167108042 1 0.5983077084929298
1238 1 0.0 1 0.06566183167108042 1 0.5983077084929298
1239 1 0.0 1 0.06566183167108042 1 0.5983077084929298
1240 1 0.0 1 0.06566183167108042 1 0.5983077084929298
1241 1 0.0 1 0.06566183167108042 1 0.5983077084929298
1242 1 0.0 1 0.06566183167108042 1 0.5983077084929298
1243 1 0.0 1 0.06566183167108042 1 0.5983077084929298
1244 1 0.0 1 0.06566183167108042 1 0.5983077084929298
1245 1 0.0 1 0.06566183167108042 1 0.5983077084929298
1246 1 0.0 1 0.06566183167108042 1 0.5983077084929298
1247 1 0.0 1 0.06566183167108042 1 0.5983077084929298
1248 1 0.0 1 0.06566183167108042 1 0.5983077084929298
1249 1 0.0 1 0.06566183167108042 1 0.5983077084929298
1250 1 0.0 1 0.06566183167108042 1 0.5983077084929298
1251 1 0.0 1 0.06566183167108042 1 0.5983077084929298
1252 1 0.0 1 0.06566183167108042 1 0.5983077084929298
1253 1 0.0 1 0.06566183167108042 1 0.5983077084929298
1254 1 0.0 1 0.06566183167108042 1 0.5983077084929298
1255 1 0.0 1 0.06566183167108042 1 0.5983077084929298
1256 1 0.0 1 0.06566183167108042 1 0.5983077084929298
1257 1 0.0 1 0.06566183167108042 1 0.5983077084929298
1258 1 0.0 1 0.06566183167108042 1 0.5983077084929298
1259 1 0.0 1 0.06566183167108042 1 0.5983077084929298
1260 1 0.0 1 0.06566183167108042 1 0.5983077084929298
1261 1 0.0 1 0.06566183167108042 1 0.5983077084929298
1262 1 0.0 1 0.06566183167108042 1 0.5983077084929298
1263 1 0.0 1 0.06566183167108042 1 0.5983077084929298
1264 1 0.0 1 0.06566183167108042 1 0.5983077084929298
1265 1 0.0 1 0.06566183167108042 1 0.5983077084929298
1266 1 0.0 1 0.06566183167108042 1 0.5983077084929298
1267 1 0.0 1 0.06566183167108042 1 0.5983077084929298
1268 1 0.0 1 0.06566183167108042 1 0.5983077084929298
1269 1 0.0 1 0.06566183167108042 1 0.5983077084929298
1270 1 0.0 1 0.06566183167108042 1 0.5983077084929298
1271 1 0.0 1 0.06566183167108042 1 0.5983077084929298
1272 1 0.0 1 0.06566183167108042 1 0.5983077084929298
1273 1 0.0 1 0.06566183167108042 1 0.5983077084929298
1274 1 0.0 1 0.06566183167108042 1 0.5983077084929298
1275 1 0.0 1 0.06566183167108042 1 0.5983077084929298
1276 1 0.0 1 0.06566183167108042 1 0.5983077084929298
1277 1 0.0 1 0.06566183167108042 1 0.5983077084929298
1278 1 0.0 1 0.06566183167108042 1 0.5983077084929298
1279 1 0.0 1 0.06566183167108042 1 0.5983077084929298
1280 1 0.0 1 0.06566183167108042 1 0.5983077084929298
1281 1 0.0 1 0.06566183167108042 1 0.5983077084929298
1282 1 0.0 1 0.06566183167108042 1 0.5983077084929298
1283 1 0.0 1 0.06566183167108042 1 0.5983077084929298
1284 1 0.0 1 0.06566183167108042 1 0.5983077084929298
1285 1 0.0 1 0.06566183167108042 1 0.5983077084929298
1286 1 0.0 1 0.06566183167108042 1 0.5983077084929298
1287 1 0.0 1 0.06566183167108042 1 0.5983077084929298
1288 1 0.0 1 0.06566183167108042 1 0.5983077084929298
1289 1 0.0 1 0.06566183167108042 1 0.5983077084929298
1290 1 0.0 1 0.06566183167108042 1 0.5983077084929298
1291 1 0.0 1 0.06566183167108042 1 0.5983077084929298
1292 1 0.0 1 0.06566183167108042 1 0.5983077084929298
1293 1 0.0 1 0.06566183167108042 1 0.5983077084929298
1294 1 0.0 1 0.06566183167108042 1 0.5983077084929298
1295 1 0.0 1 0.06566183167108042 1 0.5983077084929298
1296 1 0.0 1 0.06566183167108042 1 0.5983077084929298
1297 1 0.0 1 0.06566183167108042 1 0.5983077084929298
1298 1 0.0 1 0.06566183167108042 1 0.5983077084929298
1299 1 0.0 1 0.06566183167108042 1 0.5983077084929298
1300 1 0.0 1 0.06566183167108042 1 0.5983077084929298
1301 1 0.0 1 0.06566183167108042 1 0.5983077084929298
1302 1 0.0 1 0.06566183167108042 1 0.5983077084929298
1303 1 0.0 1 0.06566183167108042 1 0.5983077084929298
1304 1 0.0 1 0.06566183167108042 1 0.5983077084929298
1305 1 0.0 1 0.06566183167108042 1 0.5983077084929298
1306 1 0.0 1 0.06566183167108042 1 0.5983077084929298
1307 1 0.0 1 0.06566183167108042 1 0.5983077084929298
1308 1 0.0 1 0.06566183167108042 1 0.5983077084929298
1309 1 0.0 1 0.06566183167108042 1 0.5983077084929298
1310 1 0.0 1 0.06566183167108042 1 0.5983077084929298
1311 1 0.0 1 0.06566183167108042 1 0.5983077084929298
1312 1 0.0 1 0.06566183167108042 1 0.5983077084929298
1313 1 0.0 1 0.06566183167108042 1 0.5983077084929298
1314 1 0.0 1 0.06566183167108042 1 0.5983077084929298
1315 1 0.0 1 0.06566183167108042 1 0.5983077084929298
1316 1 0.0 1 0.06566183167108042 1 0.5983077084929298
1317 1 0.0 1 0.06566183167108042 1 0.5983077084929298
1318 1 0.0 1 0.06566183167108042 1 0.5983077084929298
1319 1 0.0 1 0.06566183167108042 1 0.5983077084929298
1320 1 0.0 1 0.06566183167108042 1 0.5983077084929298
1321 1 0.0 1 0.06566183167108042 1 0.5983077084929298
1322 1 0.0 1 0.06566183167108042 1 0.5983077084929298
1323 1 0.0 1 0.06566183167108042 1 0.5983077084929298
1324 1 0.0 1 0.06566183167108042 1 0.5983077084929298
1325 1 0.0 1 0.06566183167108042 1 0.5983077084929298
1326 1 0.0 1 0.06566183167108042 1 0.5983077084929298
1327 1 0.0 1 0.06566183167108042 1 0.5983077084929298
1328 1 0.0 1 0.06566183167108042 1 0.5983077084929298
1329 1 0.0 1 0.06566183167108042 1 0.5983077084929298
1330 1 0.0 1 0.06566183167108042 1 0.5983077084929298
1331 1 0.0 1 0.06566183167108042 1 0.5983077084929298
1332 1 0.0 1 0.06566183167108042 1 0.5983077084929298
1333 1 0.0 1 0.06566183167108042 1 0.5983077084929298
1334 1 0.0 1 0.06566183167108042 1 0.5983077084929298
1335 1 0.0 1 0.06566183167108042 1 0.5983077084929298
1336 1 0.0 1 0.06566183167108042 1 0.5983077084929298
1337 1 0.0 1 0.06566183167108042 1 0.5983077084929298
1338 1 0.0 1 0.06566183167108042 1 0.5983077084929298
1339 1 0.0 1 0.06566183167108042 1 0.5983077084929298
1340 1 0.0 1 0.06566183167108042 1 0.5983077084929298
1341 1 0.0 1 0.06566183167108042 1 0.5983077084929298
1342 1 0.0 1 0.06566183167108042 1 0.5983077084929298
1343 1 0.0 1 0.06566183167108042 1 0.5983077084929298
1344 1 0.0 1 0.06566183167108042 1 0.5983077084929298
1345 1 0.0 1 0.06566183167108042 1 0.5983077084929298
1346 1 0.0 1 0.06566183167108042 1 0.5983077084929298
1347 1 0.0 1 0.06566183167108042 1 0.5983077084929298
1348 1 0.0 1 0.06566183167108042 1 0.5983077084929298
1349 1 0.0 1 0.06566183167108042 1 0.5983077084929298
1350 1 0.0 1 0.06566183167108042 1 0.5983077084929298
1351 1 0.0 1 0.06566183167108042 1 0.5983077084929298
1352 1 0.0 1 0.06566183167108042 1 0.5983077084929298
1353 1 0.0 1 0.06566183167108042 1 0.5983077084929298
1354 1 0.0 1 0.06566183167108042 1 0.5983077084929298
1355 1 0.0 1 0.06566183167108042 1 0.5983077084929298
1356 1 0.0 1 0.06566183167108042 1 0.5983077084929298
1357 1 0.0 1 0.06566183167108042 1 0.5983077084929298
1358 1 0.0 1 0.06566183167108042 1 0.5983077084929298
1359 1 0.0 1 0.06566183167108042 1 0.5983077084929298
1360 1 0.0 1 0.06566183167108042 1 0.5983077084929298
1361 1 0.0 1 0.06566183167108042 1 0.5983077084929298
1362 1 0.0 1 0.06566183167108042 1 0.5983077084929298
1363 1 0.0 1 0.06566183167108042 1 0.5983077084929298
1364 1 0.0 1 0.06566183167108042 1 0.5983077084929298
1365 1 0.0 1 0.06566183167108042 1 0.5983077084929298
1366 1 0.0 1 0.06566183167108042 1 0.5983077084929298
1367 1 0.0 1 0.06566183167108042 1 0.5983077084929298
1368 1 0.0 1 0.06566183167108042 1 0.5983077084929298
1369 1 0.0 1 0.06566183167108042 1 0.5983077084929298
1370 1 0.0 1 0.06566183167108042 1 0.5983077084929298
1371 1 0.0 1 0.06566183167108042 1 0.5983077084929298
1372 1 0.0 1 0.06566183167108042 1 0.5983077084929298
1373 1 0.0 1 0.06566183167108042 1 0.5983077084929298
1374 1 0.0 1 0.06566183167108042 1 0.5983077084929298
1375 1 0.0 1 0.06566183167108042 1 0.5983077084929298
1376 1 0.0 1 0.06566183167108042 1 0.5983077084929298
1377 1 0.0 1 0.06566183167108042 1 0.5983077084929298
1378 1 0.0 1 0.06566183167108042 1 0.5983077084929298
1379 1 0.0 1 0.06566183167108042 1 0.5983077084929298
1380 1 0.0 1 0.06566183167108042 1 0.5983077084929298
1381 1 0.0 1 0.06566183167108042 1 0.5983077084929298
1382 1 0.0 1 0.06566183167108042 1 0.5983077084929298
1383 1 0.0 1 0.06566183167108042 1 0.5983077084929298
1384 1 0.0 1 0.06566183167108042 1 0.5983077084929298
1385 1 0.0 1 0.06566183167108042 1 0.5983077084929298
1386 1 0.0 1 0.06566183167108042 1 0.5983077084929298
1387 1 0.0 1 0.06566183167108042 1 0.5983077084929298
1388 1 0.0 1 0.06566183167108042 1 0.5983077084929298
1389 1 0.0 1 0.06566183167108042 1 0.5983077084929298
1390 1 0.0 1 0.06566183167108042 1 0.5983077084929298
1391 1 0.0 1 0.06566183167108042 1 0.5983077084929298
1392 1 0.0 1 0.06566183167108042 1 0.5983077084929298
1393 1 0.0 1 0.06566183167108042 1 0.5983077084929298
1394 1 0.0 1 0.06566183167108042 1 0.5983077084929298
1395 1 0.0 1 0.06566183167108042 1 0.5983077084929298
1396 1 0.0 1 0.06566183167108042 1 0.5983077084929298
1397 1 0.0 1 0.06566183167108042 1 0.5983077084929298
1398 1 0.0 1 0.06566183167108042 1 0.5983077084929298
1399 1 0.0 1 0.06566183167108042 1 0.5983077084929298
1400 1 0.0 1 0.06566183167108042 1 0.5983077084929298
1401 1 0.0 1 0.06566183167108042 1 0.5983077084929298
1402 1 0.0 1 0.06566183167108042 1 0.5983077084929298
1403 1 0.0 1 0.06566183167108042 1 0.5983077084929298
1404 1 0.0 1 0.06566183167108042 1 0.5983077084929298
1405 1 0.0 1 0.06566183167108042 1 0.5983077084929298
1406 1 0.0 1 0.06566183167108042 1 0.5983077084929298
1407 1 0.0 1 0.06566183167108042 1 0.5983077084929298
1408 1 0.0 1 0.06566183167108042 1 0.5983077084929298
1409 1 0.0 1 0.06566183167108042 1 0.5983077084929298
1410 1 0.0 1 0.06566183167108042 1 0.5983077084929298
1411 1 0.0 1 0.06566183167108042 1 0.5983077084929298
1412 1 0.0 1 0.06566183167108042 1 0.5983077084929298
1413 1 0.0 1 0.06566183167108042 1 0.5983077084929298
1414 1 0.0 1 0.06566183167108042 1 0.5983077084929298
1415 1 0.0 1 0.06566183167108042 1 0.5983077084929298
1416 1 0.0 1 0.06566183167108042 1 0.5983077084929298
1417 1 0.0 1 0.06566183167108042 1 0.5983077084929298
1418 1 0.0 1 0.06566183167108042 1 0.5983077084929298
1419 1 0.0 1 0.06566183167108042 1 0.5983077084929298
1420 1 0.0 1 0.06566183167108042 1 0.5983077084929298
1421 1 0.0 1 0.06566183167108042 1 0.5983077084929298
1422 1 0.0 1 0.06566183167108042 1 0.5983077084929298
1423 1 0.0 1 0.06566183167108042 1 0.5983077084929298
1424 1 0.0 1 0.06566183167108042 1 0.5983077084929298
1425 1 0.0 1 0.06566183167108042 1 0.5983077084929298
1426 1 0.0 1 0.06566183167108042 1 0.5983077084929298
1427 1 0.0 1 0.06566183167108042 1 0.5983077084929298
1428 1 0.0 1 0.06566183167108042 1 0.5983077084929298
1429 1 0.0 1 0.06566183167108042 1 0.5983077084929298
1430 1 0.0 1 0.06566183167108042 1 0.5983077084929298
1431 1 0.0 1 0.06566183167108042 1 0.5983077084929298
1432 1 0.0 1 0.06566183167108042 1 0.5983077084929298
1433 1 0.0 1 0.06566183167108042 1 0.5983077084929298
1434 1 0.0 1 0.06566183167108042 1 0.5983077084929298
1435 1 0.0 1 0.06566183167108042 1 0.5983077084929298
1436 1 0.0 1 0.06566183167108042 1 0.5983077084929298
1437 1 0.0 1 0.06566183167108042 1 0.5983077084929298
1438 1 0.0 1 0.06566183167108042 1 0.5983077084929298
1439 1 0.0 1 0.06566183167108042 1 0.5983077084929298
1440 1 0.0 1 0.06566183167108042 1 0.5983077084929298
1441 1 0.0 1 0.06566183167108042 1 0.5983077084929298
1442 1 0.0 1 0.06566183167108042 1 0.5983077084929298
1443 1 0.0 1 0.06566183167108042 1 0.5983077084929298
1444 1 0.0 1 0.06566183167108042 1 0.5983077084929298
1445 1 0.0 1 0.06566183167108042 1 0.5983077084929298
1446 1 0.0 1 0.06566183167108042 1 0.5983077084929298
1447 1 0.0 1 0.06566183167108042 1 0.5983077084929298
1448 1 0.0 1 0.06566183167108042 1 0.5983077084929298
1449 1 0.0 1 0.06566183167108042 1 0.5983077084929298
1450 1 0.0 1 0.06566183167108042 1 0.5983077084929298
1451 1 0.0 1 0.06566183167108042 1 0.5983077084929298
1452 1 0.0 1 0.06566183167108042 1 0.5983077084929298
1453 1 0.0 1 0.06566183167108042 1 0.5983077084929298
1454 1 0.0 1 0.06566183167108042 1 0.5983077084929298
1455 1 0.0 1 0.06566183167108042 1 0.5983077084929298
1456 1 0.0 1 0.06566183167108042 1 0.5983077084929298
1457 1 0.0 1 0.06566183167108042 1 0.5983077084929298
1458 1 0.0 1 0.06566183167108042 1 0.5983077084929298
1459 1 0.0 1 0.06566183167108042 1 0.5983077084929298
1460 1 0.0 1 0.06566183167108042 1 0.5983077084929298
1461 1 0.0 1 0.06566183167108042 1 0.5983077084929298
1462 1 0.0 1 0.06566183167108042 1 0.5983077084929298
1463 1 0.0 1 0.06566183167108042 1 0.5983077084929298
1464 1 0.0 1 0.06566183167108042 1 0.5983077084929298
1465 1 0.0 1 0.06566183167108042 1 0.5983077084929298
1466 1 0.0 1 0.06566183167108042 1 0.5983077084929298
1467 1 0.0 1 0.06566183167108042 1 0.5983077084929298
1468 1 0.0 1 0.06566183167108042 1 0.5983077084929298
1469 1 0.0 1 0.06566183167108042 1 0.5983077084929298
1470 1 0.0 1 0.06566183167108042 1 0.5983077084929298
1471 1 0.0 1 0.06566183167108042 1 0.5983077084929298
1472 1 0.0 1 0.06566183167108042 1 0.5983077084929298
1473 1 0.0 1 0.06566183167108042 1 0.5983077084929298
1474 1 0.0 1 0.06566183167108042 1 0.5983077084929298
1475 1 0.0 1 0.06566183167108042 1 0.5983077084929298
1476 1 0.0 1 0.06566183167108042 1 0.5983077084929298
1477 1 0.0 1 0.06566183167108042 1 0.5983077084929298
1478 1 0.0 1 0.06566183167108042 1 0.5983077084929298
1479 1 0.0 1 0.06566183167108042 1 0.5983077084929298
1480 1 0.0 1 0.06566183167108042 1 0.5983077084929298
1481 1 0.0 1 0.06566183167108042 1 0.5983077084929298
1482 1 0.0 1 0.06566183167108042 1 0.5983077084929298
1483 1 0.0 1 0.06566183167108042 1 0.5983077084929298
1484 1 0.0 1 0.06566183167108042 1 0.5983077084929298
1485 1 0.0 1 0.06566183167108042 1 0.5983077084929298
1486 1 0.0 1 0.06566183167108042 1 0.5983077084929298
1487 1 0.0 1 0.06566183167108042 1 0.5983077084929298
1488 1 0.0 1 0.06566183167108042 1 0.5983077084929298
1489 1 0.0 1 0.06566183167108042 1 0.5983077084929298
1490 1 0.0 1 0.06566183167108042 1 0.5983077084929298
1491 1 0.0 1 0.06566183167108042 1 0.5983077084929298
1492 1 0.0 1 0.06566183167108042 1 0.5983077084929298
1493 1 0.0 1 0.06566183167108042 1 0.5983077084929298
1494 1 0.0 1 0.06566183167108042 1 0.5983077084929298
1495 1 0.0 1 0.06566183167108042 1 0.5983077084929298
1496 1 0.0 1 0.06566183167108042 1 0.5983077084929298
1497 1 0.0 1 0.06566183167108042 1 0.5983077084929298
1498 1 0.0 1 0.06566183167108042 1 0.5983077084929298
1499 1 0.0 1 0.06566183167108042 1 0.5983077084929298
1500 1 0.0 1 0.06566183167108042 1 0.5983077084929298
