1 1 0.0 1 0.8092523120474464 1 0.8468029474258965
2 1 0.0 1 0.8092523120474464 1 0.8468029474258965
3 1 0.0 1 0.8092523120474464 1 0.8468029474258965
4 1 0.0 1 0.8092523120474464 1 0.8468029474258965
5 1 0.0 1 0.8092523120474464 1 0.8468029474258965
6 1 0.0 1 0.8092523120474464 1 0.8468029474258965
7 1 0.0 1 0.8092523120474464 1 0.8468029474258965
8 1 0.0 1 0.8092523120474464 1 0.8468029474258965
9 1 0.0 1 0.8092523120474464 1 0.8468029474258965
10 1 0.0 1 0.8092523120474464 1 0.8468029474258965
11 1 0.0 1 0.8092523120474464 1 0.8468029474258965
12 1 0.0 1 0.8092523120474464 1 0.8468029474258965
13 1 0.0 1 0.8092523120474464 1 0.8468029474258965
14 1 0.0 1 0.8092523120474464 1 0.8468029474258965
15 1 0.0 1 0.8092523120474464 1 0.8468029474258965
16 1 0.0 1 0.8092523120474464 1 0.8468029474258965
17 1 0.0 1 0.8092523120474464 1 0.8468029474258965
18 1 0.0 1 0.8092523120474464 1 0.8468029474258965
19 1 0.0 1 0.8092523120474464 1 0.8468029474258965
20 1 0.0 1 0.8092523120474464 1 0.8468029474258965
21 1 0.0 1 0.8092523120474464 1 0.8468029474258965
22 1 0.0 1 0.8092523120474464 1 0.8468029474258965
23 1 0.0 1 0.8092523120474464 1 0.8468029474258965
24 1 0.0 1 0.8092523120474464 1 0.8468029474258965
25 1 0.0 1 0.8092523120474464 1 0.8468029474258965
26 1 0.0 1 0.8092523120474464 1 0.8468029474258965
27 1 0.0 1 0.8092523120474464 1 0.8468029474258965
28 1 0.0 1 0.8092523120474464 1 0.8468029474258965
29 1 0.0 1 0.8092523120474464 1 0.8468029474258965
30 1 0.0 1 0.8092523120474464 1 0.8468029474258965
31 1 0.0 1 0.8092523120474464 1 0.8468029474258965
32 1 0.0 1 0.8092523120474464 1 0.8468029474258965
33 1 0.0 1 0.8092523120474464 1 0.8468029474258965
34 1 0.0 1 0.8092523120474464 1 0.8468029474258965
35 1 0.0 1 0.8092523120474464 1 0.8468029474258965
36 1 0.0 1 0.8092523120474464 1 0.8468029474258965
37 1 0.0 1 0.8092523120474464 1 0.8468029474258965
38 1 0.0 1 0.8092523120474464 1 0.8468029474258965
39 1 0.0 1 0.8092523120474464 1 0.8468029474258965
40 1 0.0 1 0.8092523120474464 1 0.8468029474258965
41 1 0.0 1 0.8092523120474464 1 0.8468029474258965
42 1 0.0 1 0.8092523120474464 1 0.8468029474258965
43 1 0.0 1 0.8092523120474464 1 0.8468029474258965
44 1 0.0 1 0.8092523120474464 1 0.8468029474258965
45 1 0.0 1 0.8092523120474464 1 0.8468029474258965
46 1 0.0 1 0.8092523120474464 1 0.8468029474258965
47 1 0.0 1 0.8092523120474464 1 0.8468029474258965
48 1 0.0 1 0.8092523120474464 1 0.8468029474258965
49 1 0.0 1 0.8092523120474464 1 0.8468029474258965
50 1 0.0 1 0.8092523120474464 1 0.8468029474258965
51 1 0.0 1 0.8092523120474464 1 0.8468029474258965
52 1 0.0 1 0.8092523120474464 1 0.8468029474258965
53 1 0.0 1 0.8092523120474464 1 0.8468029474258965
54 1 0.0 1 0.8092523120474464 1 0.8468029474258965
55 1 0.0 1 0.8092523120474464 1 0.8468029474258965
56 1 0.0 1 0.8092523120474464 1 0.8468029474258965
57 1 0.0 1 0.8092523120474464 1 0.8468029474258965
58 1 0.0 1 0.8092523120474464 1 0.8468029474258965
59 1 0.0 1 0.8092523120474464 1 0.8468029474258965
60 1 0.0 1 0.8092523120474464 1 0.8468029474258965
61 1 0.0 1 0.8092523120474464 1 0.8468029474258965
62 1 0.0 1 0.8092523120474464 1 0.8468029474258965
63 1 0.0 1 0.8092523120474464 1 0.8468029474258965
64 1 0.0 1 0.8092523120474464 1 0.8468029474258965
65 1 0.0 1 0.8092523120474464 1 0.8468029474258965
66 1 0.0 1 0.8092523120474464 1 0.8468029474258965
67 1 0.0 1 0.8092523120474464 1 0.8468029474258965
68 1 0.0 1 0.8092523120474464 1 0.8468029474258965
69 1 0.0 1 0.8092523120474464 1 0.8468029474258965
70 1 0.0 1 0.8092523120474464 1 0.8468029474258965
71 1 0.0 1 0.8092523120474464 1 0.8468029474258965
72 1 0.0 1 0.8092523120474464 1 0.8468029474258965
73 1 0.0 1 0.8092523120474464 1 0.8468029474258965
74 1 0.0 1 0.8092523120474464 1 0.8468029474258965
75 1 0.0 1 0.8092523120474464 1 0.8468029474258965
76 1 0.0 1 0.8092523120474464 1 0.8468029474258965
77 1 0.0 1 0.8092523120474464 1 0.8468029474258965
78 1 0.0 1 0.8092523120474464 1 0.8468029474258965
79 1 0.0 1 0.8092523120474464 1 0.8468029474258965
80 1 0.0 1 0.8092523120474464 1 0.8468029474258965
81 1 0.0 1 0.8092523120474464 1 0.8468029474258965
82 1 0.0 1 0.8092523120474464 1 0.8468029474258965
83 1 0.0 1 0.8092523120474464 1 0.8468029474258965
84 1 0.0 1 0.8092523120474464 1 0.8468029474258965
85 1 0.0 1 0.8092523120474464 1 0.8468029474258965
86 1 0.0 1 0.8092523120474464 1 0.8468029474258965
87 1 0.0 1 0.8092523120474464 1 0.8468029474258965
88 1 0.0 1 0.8092523120474464 1 0.8468029474258965
89 1 0.0 1 0.8092523120474464 1 0.8468029474258965
90 1 0.0 1 0.8092523120474464 1 0.8468029474258965
91 1 0.0 1 0.8092523120474464 1 0.8468029474258965
92 1 0.0 1 0.8092523120474464 1 0.8468029474258965
93 1 0.0 1 0.8092523120474464 1 0.8468029474258965
94 1 0.0 1 0.8092523120474464 1 0.8468029474258965
95 1 0.0 1 0.8092523120474464 1 0.8468029474258965
96 1 0.0 1 0.8092523120474464 1 0.8468029474258965
97 1 0.0 1 0.8092523120474464 1 0.8468029474258965
98 1 0.0 1 0.8092523120474464 1 0.8468029474258965
99 1 0.0 1 0.8092523120474464 1 0.8468029474258965
100 1 0.0 1 0.8092523120474464 1 0.8468029474258965
101 1 0.0 1 0.8092523120474464 1 0.8468029474258965
102 1 0.0 1 0.8092523120474464 1 0.8468029474258965
103 1 0.0 1 0.8092523120474464 1 0.8468029474258965
104 1 0.0 1 0.8092523120474464 1 0.8468029474258965
105 1 0.0 1 0.8092523120474464 1 0.8468029474258965
106 1 0.0 1 0.8092523120474464 1 0.8468029474258965
107 1 0.0 1 0.8092523120474464 1 0.8468029474258965
108 1 0.0 1 0.8092523120474464 1 0.8468029474258965
109 1 0.0 1 0.8092523120474464 1 0.8468029474258965
110 1 0.0 1 0.8092523120474464 1 0.8468029474258965
111 1 0.0 1 0.8092523120474464 1 0.8468029474258965
112 1 0.0 1 0.8092523120474464 1 0.8468029474258965
113 1 0.0 1 0.8092523120474464 1 0.8468029474258965
114 1 0.0 1 0.8092523120474464 1 0.8468029474258965
115 1 0.0 1 0.8092523120474464 1 0.8468029474258965
116 1 0.0 1 0.8092523120474464 1 0.8468029474258965
117 1 0.0 1 0.8092523120474464 1 0.8468029474258965
118 1 0.0 1 0.8092523120474464 1 0.8468029474258965
119 1 0.0 1 0.8092523120474464 1 0.8468029474258965
120 1 0.0 1 0.8092523120474464 1 0.8468029474258965
121 1 0.0 1 0.8092523120474464 1 0.8468029474258965
122 1 0.0 1 0.8092523120474464 1 0.8468029474258965
123 1 0.0 1 0.8092523120474464 1 0.8468029474258965
124 1 0.0 1 0.8092523120474464 1 0.8468029474258965
125 1 0.0 1 0.8092523120474464 1 0.8468029474258965
126 1 0.0 1 0.8092523120474464 1 0.8468029474258965
127 1 0.0 1 0.8092523120474464 1 0.8468029474258965
128 1 0.0 1 0.8092523120474464 1 0.8468029474258965
129 1 0.0 1 0.8092523120474464 1 0.8468029474258965
130 1 0.0 1 0.8092523120474464 1 0.8468029474258965
131 1 0.0 1 0.8092523120474464 1 0.8468029474258965
132 1 0.0 1 0.8092523120474464 1 0.8468029474258965
133 1 0.0 1 0.8092523120474464 1 0.8468029474258965
134 1 0.0 1 0.8092523120474464 1 0.8468029474258965
135 1 0.0 1 0.8092523120474464 1 0.8468029474258965
136 1 0.0 1 0.8092523120474464 1 0.8468029474258965
137 1 0.0 1 0.8092523120474464 1 0.8468029474258965
138 1 0.0 1 0.8092523120474464 1 0.8468029474258965
139 1 0.0 1 0.8092523120474464 1 0.8468029474258965
140 1 0.0 1 0.8092523120474464 1 0.8468029474258965
141 1 0.0 1 0.8092523120474464 1 0.8468029474258965
142 1 0.0 1 0.8092523120474464 1 0.8468029474258965
143 1 0.0 1 0.8092523120474464 1 0.8468029474258965
144 1 0.0 1 0.8092523120474464 1 0.8468029474258965
145 1 0.0 1 0.8092523120474464 1 0.8468029474258965
146 1 0.0 1 0.8092523120474464 1 0.8468029474258965
147 1 0.0 1 0.8092523120474464 1 0.8468029474258965
148 1 0.0 1 0.8092523120474464 1 0.8468029474258965
149 1 0.0 1 0.8092523120474464 1 0.8468029474258965
150 1 0.0 1 0.8092523120474464 1 0.8468029474258965
151 1 0.0 1 0.8092523120474464 1 0.8468029474258965
152 1 0.0 1 0.8092523120474464 1 0.8468029474258965
153 1 0.0 1 0.8092523120474464 1 0.8468029474258965
154 1 0.0 1 0.8092523120474464 1 0.8468029474258965
155 1 0.0 1 0.8092523120474464 1 0.8468029474258965
156 1 0.0 1 0.8092523120474464 1 0.8468029474258965
157 1 0.0 1 0.8092523120474464 1 0.8468029474258965
158 1 0.0 1 0.8092523120474464 1 0.8468029474258965
159 1 0.0 1 0.8092523120474464 1 0.8468029474258965
160 1 0.0 1 0.8092523120474464 1 0.8468029474258965
161 1 0.0 1 0.8092523120474464 1 0.8468029474258965
162 1 0.0 1 0.8092523120474464 1 0.8468029474258965
163 1 0.0 1 0.8092523120474464 1 0.8468029474258965
164 1 0.0 1 0.8092523120474464 1 0.8468029474258965
165 1 0.0 1 0.8092523120474464 1 0.8468029474258965
166 1 0.0 1 0.8092523120474464 1 0.8468029474258965
167 1 0.0 1 0.8092523120474464 1 0.8468029474258965
168 1 0.0 1 0.8092523120474464 1 0.8468029474258965
169 1 0.0 1 0.8092523120474464 1 0.8468029474258965
170 1 0.0 1 0.8092523120474464 1 0.8468029474258965
171 1 0.0 1 0.8092523120474464 1 0.8468029474258965
172 1 0.0 1 0.8092523120474464 1 0.8468029474258965
173 1 0.0 1 0.8092523120474464 1 0.8468029474258965
174 1 0.0 1 0.8092523120474464 1 0.8468029474258965
175 1 0.0 1 0.8092523120474464 1 0.8468029474258965
176 1 0.0 1 0.8092523120474464 1 0.8468029474258965
177 1 0.0 1 0.8092523120474464 1 0.8468029474258965
178 1 0.0 1 0.8092523120474464 1 0.8468029474258965
179 1 0.0 1 0.8092523120474464 1 0.8468029474258965
180 1 0.0 1 0.8092523120474464 1 0.8468029474258965
181 1 0.0 1 0.8092523120474464 1 0.8468029474258965
182 1 0.0 1 0.8092523120474464 1 0.8468029474258965
183 1 0.0 1 0.8092523120474464 1 0.8468029474258965
184 1 0.0 1 0.8092523120474464 1 0.8468029474258965
185 1 0.0 1 0.8092523120474464 1 0.8468029474258965
186 1 0.0 1 0.8092523120474464 1 0.8468029474258965
187 1 0.0 1 0.8092523120474464 1 0.8468029474258965
188 1 0.0 1 0.8092523120474464 1 0.8468029474258965
189 1 0.0 1 0.8092523120474464 1 0.8468029474258965
190 1 0.0 1 0.8092523120474464 1 0.8468029474258965
191 1 0.0 1 0.8092523120474464 1 0.8468029474258965
192 1 0.0 1 0.8092523120474464 1 0.8468029474258965
193 1 0.0 1 0.8092523120474464 1 0.8468029474258965
194 1 0.0 1 0.8092523120474464 1 0.8468029474258965
195 1 0.0 1 0.8092523120474464 1 0.8468029474258965
196 1 0.0 1 0.8092523120474464 1 0.8468029474258965
197 1 0.0 1 0.8092523120474464 1 0.8468029474258965
198 1 0.0 1 0.8092523120474464 1 0.8468029474258965
199 1 0.0 1 0.8092523120474464 1 0.8468029474258965
200 1 0.0 1 0.8092523120474464 1 0.8468029474258965
201 1 0.0 1 0.8092523120474464 1 0.8468029474258965
202 1 0.0 1 0.8092523120474464 1 0.8468029474258965
203 1 0.0 1 0.8092523120474464 1 0.8468029474258965
204 1 0.0 1 0.8092523120474464 1 0.8468029474258965
205 1 0.0 1 0.8092523120474464 1 0.8468029474258965
206 1 0.0 1 0.8092523120474464 1 0.8468029474258965
207 1 0.0 1 0.8092523120474464 1 0.8468029474258965
208 1 0.0 1 0.8092523120474464 1 0.8468029474258965
209 1 0.0 1 0.8092523120474464 1 0.8468029474258965
210 1 0.0 1 0.8092523120474464 1 0.8468029474258965
211 1 0.0 1 0.8092523120474464 1 0.8468029474258965
212 1 0.0 1 0.8092523120474464 1 0.8468029474258965
213 1 0.0 1 0.8092523120474464 1 0.8468029474258965
214 1 0.0 1 0.8092523120474464 1 0.8468029474258965
215 1 0.0 1 0.8092523120474464 1 0.8468029474258965
216 1 0.0 1 0.8092523120474464 1 0.8468029474258965
217 1 0.0 1 0.8092523120474464 1 0.8468029474258965
218 1 0.0 1 0.8092523120474464 1 0.8468029474258965
219 1 0.0 1 0.8092523120474464 1 0.8468029474258965
220 1 0.0 1 0.8092523120474464 1 0.8468029474258965
221 1 0.0 1 0.8092523120474464 1 0.8468029474258965
222 1 0.0 1 0.8092523120474464 1 0.8468029474258965
223 1 0.0 1 0.8092523120474464 1 0.8468029474258965
224 1 0.0 1 0.8092523120474464 1 0.8468029474258965
225 1 0.0 1 0.8092523120474464 1 0.8468029474258965
226 1 0.0 1 0.8092523120474464 1 0.8468029474258965
227 1 0.0 1 0.8092523120474464 1 0.8468029474258965
228 1 0.0 1 0.8092523120474464 1 0.8468029474258965
229 1 0.0 1 0.8092523120474464 1 0.8468029474258965
230 1 0.0 1 0.8092523120474464 1 0.8468029474258965
231 1 0.0 1 0.8092523120474464 1 0.8468029474258965
232 1 0.0 1 0.8092523120474464 1 0.8468029474258965
233 1 0.0 1 0.8092523120474464 1 0.8468029474258965
234 1 0.0 1 0.8092523120474464 1 0.8468029474258965
235 1 0.0 1 0.8092523120474464 1 0.8468029474258965
236 1 0.0 1 0.8092523120474464 1 0.8468029474258965
237 1 0.0 1 0.8092523120474464 1 0.8468029474258965
238 1 0.0 1 0.8092523120474464 1 0.8468029474258965
239 1 0.0 1 0.8092523120474464 1 0.8468029474258965
240 1 0.0 1 0.8092523120474464 1 0.8468029474258965
241 1 0.0 1 0.8092523120474464 1 0.8468029474258965
242 1 0.0 1 0.8092523120474464 1 0.8468029474258965
243 1 0.0 1 0.8092523120474464 1 0.8468029474258965
244 1 0.0 1 0.8092523120474464 1 0.8468029474258965
245 1 0.0 1 0.8092523120474464 1 0.8468029474258965
246 1 0.0 1 0.8092523120474464 1 0.8468029474258965
247 1 0.0 1 0.8092523120474464 1 0.8468029474258965
248 1 0.0 1 0.8092523120474464 1 0.8468029474258965
249 1 0.0 1 0.8092523120474464 1 0.8468029474258965
250 1 0.0 1 0.8092523120474464 1 0.8468029474258965
251 1 0.0 1 0.8092523120474464 1 0.8468029474258965
252 1 0.0 1 0.8092523120474464 1 0.8468029474258965
253 1 0.0 1 0.8092523120474464 1 0.8468029474258965
254 1 0.0 1 0.8092523120474464 1 0.8468029474258965
255 1 0.0 1 0.8092523120474464 1 0.8468029474258965
256 1 0.0 1 0.8092523120474464 1 0.8468029474258965
257 1 0.0 1 0.8092523120474464 1 0.8468029474258965
258 1 0.0 1 0.8092523120474464 1 0.8468029474258965
259 1 0.0 1 0.8092523120474464 1 0.8468029474258965
260 1 0.0 1 0.8092523120474464 1 0.8468029474258965
261 1 0.0 1 0.8092523120474464 1 0.8468029474258965
262 1 0.0 1 0.8092523120474464 1 0.8468029474258965
263 1 0.0 1 0.8092523120474464 1 0.8468029474258965
264 1 0.0 1 0.8092523120474464 1 0.8468029474258965
265 1 0.0 1 0.8092523120474464 1 0.8468029474258965
266 1 0.0 1 0.8092523120474464 1 0.8468029474258965
267 1 0.0 1 0.8092523120474464 1 0.8468029474258965
268 1 0.0 1 0.8092523120474464 1 0.8468029474258965
269 1 0.0 1 0.8092523120474464 1 0.8468029474258965
270 1 0.0 1 0.8092523120474464 1 0.8468029474258965
271 1 0.0 1 0.8092523120474464 1 0.8468029474258965
272 1 0.0 1 0.8092523120474464 1 0.8468029474258965
273 1 0.0 1 0.8092523120474464 1 0.8468029474258965
274 1 0.0 1 0.8092523120474464 1 0.8468029474258965
275 1 0.0 1 0.8092523120474464 1 0.8468029474258965
276 1 0.0 1 0.8092523120474464 1 0.8468029474258965
277 1 0.0 1 0.8092523120474464 1 0.8468029474258965
278 1 0.0 1 0.8092523120474464 1 0.8468029474258965
279 1 0.0 1 0.8092523120474464 1 0.8468029474258965
280 1 0.0 1 0.8092523120474464 1 0.8468029474258965
281 1 0.0 1 0.8092523120474464 1 0.8468029474258965
282 1 0.0 1 0.8092523120474464 1 0.8468029474258965
283 1 0.0 1 0.8092523120474464 1 0.8468029474258965
284 1 0.0 1 0.8092523120474464 1 0.8468029474258965
285 1 0.0 1 0.8092523120474464 1 0.8468029474258965
286 1 0.0 1 0.8092523120474464 1 0.8468029474258965
287 1 0.0 1 0.8092523120474464 1 0.8468029474258965
288 1 0.0 1 0.8092523120474464 1 0.8468029474258965
289 1 0.0 1 0.8092523120474464 1 0.8468029474258965
290 1 0.0 1 0.8092523120474464 1 0.8468029474258965
291 1 0.0 1 0.8092523120474464 1 0.8468029474258965
292 1 0.0 1 0.8092523120474464 1 0.8468029474258965
293 1 0.0 1 0.8092523120474464 1 0.8468029474258965
294 1 0.0 1 0.8092523120474464 1 0.8468029474258965
295 1 0.0 1 0.8092523120474464 1 0.8468029474258965
296 1 0.0 1 0.8092523120474464 1 0.8468029474258965
297 1 0.0 1 0.8092523120474464 1 0.8468029474258965
298 1 0.0 1 0.8092523120474464 1 0.8468029474258965
299 1 0.0 1 0.8092523120474464 1 0.8468029474258965
300 1 0.0 1 0.8092523120474464 1 0.8468029474258965
301 1 0.0 1 0.8092523120474464 1 0.8468029474258965
302 1 0.0 1 0.8092523120474464 1 0.8468029474258965
303 1 0.0 1 0.8092523120474464 1 0.8468029474258965
304 1 0.0 1 0.8092523120474464 1 0.8468029474258965
305 1 0.0 1 0.8092523120474464 1 0.8468029474258965
306 1 0.0 1 0.8092523120474464 1 0.8468029474258965
307 1 0.0 1 0.8092523120474464 1 0.8468029474258965
308 1 0.0 1 0.8092523120474464 1 0.8468029474258965
309 1 0.0 1 0.8092523120474464 1 0.8468029474258965
310 1 0.0 1 0.8092523120474464 1 0.8468029474258965
311 1 0.0 1 0.8092523120474464 1 0.8468029474258965
312 1 0.0 1 0.8092523120474464 1 0.8468029474258965
313 1 0.0 1 0.8092523120474464 1 0.8468029474258965
314 1 0.0 1 0.8092523120474464 1 0.8468029474258965
315 1 0.0 1 0.8092523120474464 1 0.8468029474258965
316 1 0.0 1 0.8092523120474464 1 0.8468029474258965
317 1 0.0 1 0.8092523120474464 1 0.8468029474258965
318 1 0.0 1 0.8092523120474464 1 0.8468029474258965
319 1 0.0 1 0.8092523120474464 1 0.8468029474258965
320 1 0.0 1 0.8092523120474464 1 0.8468029474258965
321 1 0.0 1 0.8092523120474464 1 0.8468029474258965
322 1 0.0 1 0.8092523120474464 1 0.8468029474258965
323 1 0.0 1 0.8092523120474464 1 0.8468029474258965
324 1 0.0 1 0.8092523120474464 1 0.8468029474258965
325 1 0.0 1 0.8092523120474464 1 0.8468029474258965
326 1 0.0 1 0.8092523120474464 1 0.8468029474258965
327 1 0.0 1 0.8092523120474464 1 0.8468029474258965
328 1 0.0 1 0.8092523120474464 1 0.8468029474258965
329 1 0.0 1 0.8092523120474464 1 0.8468029474258965
330 1 0.0 1 0.8092523120474464 1 0.8468029474258965
331 1 0.0 1 0.8092523120474464 1 0.8468029474258965
332 1 0.0 1 0.8092523120474464 1 0.8468029474258965
333 1 0.0 1 0.8092523120474464 1 0.8468029474258965
334 1 0.0 1 0.8092523120474464 1 0.8468029474258965
335 1 0.0 1 0.8092523120474464 1 0.8468029474258965
336 1 0.0 1 0.8092523120474464 1 0.8468029474258965
337 1 0.0 1 0.8092523120474464 1 0.8468029474258965
338 1 0.0 1 0.8092523120474464 1 0.8468029474258965
339 1 0.0 1 0.8092523120474464 1 0.8468029474258965
340 1 0.0 1 0.8092523120474464 1 0.8468029474258965
341 1 0.0 1 0.8092523120474464 1 0.8468029474258965
342 1 0.0 1 0.8092523120474464 1 0.8468029474258965
343 1 0.0 1 0.8092523120474464 1 0.8468029474258965
344 1 0.0 1 0.8092523120474464 1 0.8468029474258965
345 1 0.0 1 0.8092523120474464 1 0.8468029474258965
346 1 0.0 1 0.8092523120474464 1 0.8468029474258965
347 1 0.0 1 0.8092523120474464 1 0.8468029474258965
348 1 0.0 1 0.8092523120474464 1 0.8468029474258965
349 1 0.0 1 0.8092523120474464 1 0.8468029474258965
350 1 0.0 1 0.8092523120474464 1 0.8468029474258965
351 1 0.0 1 0.8092523120474464 1 0.8468029474258965
352 1 0.0 1 0.8092523120474464 1 0.8468029474258965
353 1 0.0 1 0.8092523120474464 1 0.8468029474258965
354 1 0.0 1 0.8092523120474464 1 0.8468029474258965
355 1 0.0 1 0.8092523120474464 1 0.8468029474258965
356 1 0.0 1 0.8092523120474464 1 0.8468029474258965
357 1 0.0 1 0.8092523120474464 1 0.8468029474258965
358 1 0.0 1 0.8092523120474464 1 0.8468029474258965
359 1 0.0 1 0.8092523120474464 1 0.8468029474258965
360 1 0.0 1 0.8092523120474464 1 0.8468029474258965
361 1 0.0 1 0.8092523120474464 1 0.8468029474258965
362 1 0.0 1 0.8092523120474464 1 0.8468029474258965
363 1 0.0 1 0.8092523120474464 1 0.8468029474258965
364 1 0.0 1 0.8092523120474464 1 0.8468029474258965
365 1 0.0 1 0.8092523120474464 1 0.8468029474258965
366 1 0.0 1 0.8092523120474464 1 0.8468029474258965
367 1 0.0 1 0.8092523120474464 1 0.8468029474258965
368 1 0.0 1 0.8092523120474464 1 0.8468029474258965
369 1 0.0 1 0.8092523120474464 1 0.8468029474258965
370 1 0.0 1 0.8092523120474464 1 0.8468029474258965
371 1 0.0 1 0.8092523120474464 1 0.8468029474258965
372 1 0.0 1 0.8092523120474464 1 0.8468029474258965
373 1 0.0 1 0.8092523120474464 1 0.8468029474258965
374 1 0.0 1 0.8092523120474464 1 0.8468029474258965
375 1 0.0 1 0.8092523120474464 1 0.8468029474258965
376 1 0.0 1 0.8092523120474464 1 0.8468029474258965
377 1 0.0 1 0.8092523120474464 1 0.8468029474258965
378 1 0.0 1 0.8092523120474464 1 0.8468029474258965
379 1 0.0 1 0.8092523120474464 1 0.8468029474258965
380 1 0.0 1 0.8092523120474464 1 0.8468029474258965
381 1 0.0 1 0.8092523120474464 1 0.8468029474258965
382 1 0.0 1 0.8092523120474464 1 0.8468029474258965
383 1 0.0 1 0.8092523120474464 1 0.8468029474258965
384 1 0.0 1 0.8092523120474464 1 0.8468029474258965
385 1 0.0 1 0.8092523120474464 1 0.8468029474258965
386 1 0.0 1 0.8092523120474464 1 0.8468029474258965
387 1 0.0 1 0.8092523120474464 1 0.8468029474258965
388 1 0.0 1 0.8092523120474464 1 0.8468029474258965
389 1 0.0 1 0.8092523120474464 1 0.8468029474258965
390 1 0.0 1 0.8092523120474464 1 0.8468029474258965
391 1 0.0 1 0.8092523120474464 1 0.8468029474258965
392 1 0.0 1 0.8092523120474464 1 0.8468029474258965
393 1 0.0 1 0.8092523120474464 1 0.8468029474258965
394 1 0.0 1 0.8092523120474464 1 0.8468029474258965
395 1 0.0 1 0.8092523120474464 1 0.8468029474258965
396 1 0.0 1 0.8092523120474464 1 0.8468029474258965
397 1 0.0 1 0.8092523120474464 1 0.8468029474258965
398 1 0.0 1 0.8092523120474464 1 0.8468029474258965
399 1 0.0 1 0.8092523120474464 1 0.8468029474258965
400 1 0.0 1 0.8092523120474464 1 0.8468029474258965
401 1 0.0 1 0.8092523120474464 1 0.8468029474258965
402 1 0.0 1 0.8092523120474464 1 0.8468029474258965
403 1 0.0 1 0.8092523120474464 1 0.8468029474258965
404 1 0.0 1 0.8092523120474464 1 0.8468029474258965
405 1 0.0 1 0.8092523120474464 1 0.8468029474258965
406 1 0.0 1 0.8092523120474464 1 0.8468029474258965
407 1 0.0 1 0.8092523120474464 1 0.8468029474258965
408 1 0.0 1 0.8092523120474464 1 0.8468029474258965
409 1 0.0 1 0.8092523120474464 1 0.8468029474258965
410 1 0.0 1 0.8092523120474464 1 0.8468029474258965
411 1 0.0 1 0.8092523120474464 1 0.8468029474258965
412 1 0.0 1 0.8092523120474464 1 0.8468029474258965
413 1 0.0 1 0.8092523120474464 1 0.8468029474258965
414 1 0.0 1 0.8092523120474464 1 0.8468029474258965
415 1 0.0 1 0.8092523120474464 1 0.8468029474258965
416 1 0.0 1 0.8092523120474464 1 0.8468029474258965
417 1 0.0 1 0.8092523120474464 1 0.8468029474258965
418 1 0.0 1 0.8092523120474464 1 0.8468029474258965
419 1 0.0 1 0.8092523120474464 1 0.8468029474258965
420 1 0.0 1 0.8092523120474464 1 0.8468029474258965
421 1 0.0 1 0.8092523120474464 1 0.8468029474258965
422 1 0.0 1 0.8092523120474464 1 0.8468029474258965
423 1 0.0 1 0.8092523120474464 1 0.8468029474258965
424 1 0.0 1 0.8092523120474464 1 0.8468029474258965
425 1 0.0 1 0.8092523120474464 1 0.8468029474258965
426 1 0.0 1 0.8092523120474464 1 0.8468029474258965
427 1 0.0 1 0.8092523120474464 1 0.8468029474258965
428 1 0.0 1 0.8092523120474464 1 0.8468029474258965
429 1 0.0 1 0.8092523120474464 1 0.8468029474258965
430 1 0.0 1 0.8092523120474464 1 0.8468029474258965
431 1 0.0 1 0.8092523120474464 1 0.8468029474258965
432 1 0.0 1 0.8092523120474464 1 0.8468029474258965
433 1 0.0 1 0.8092523120474464 1 0.8468029474258965
434 1 0.0 1 0.8092523120474464 1 0.8468029474258965
435 1 0.0 1 0.8092523120474464 1 0.8468029474258965
436 1 0.0 1 0.8092523120474464 1 0.8468029474258965
437 1 0.0 1 0.8092523120474464 1 0.8468029474258965
438 1 0.0 1 0.8092523120474464 1 0.8468029474258965
439 1 0.0 1 0.8092523120474464 1 0.8468029474258965
440 1 0.0 1 0.8092523120474464 1 0.8468029474258965
441 1 0.0 1 0.8092523120474464 1 0.8468029474258965
442 1 0.0 1 0.8092523120474464 1 0.8468029474258965
443 1 0.0 1 0.8092523120474464 1 0.8468029474258965
444 1 0.0 1 0.8092523120474464 1 0.8468029474258965
445 1 0.0 1 0.8092523120474464 1 0.8468029474258965
446 1 0.0 1 0.8092523120474464 1 0.8468029474258965
447 1 0.0 1 0.8092523120474464 1 0.8468029474258965
448 1 0.0 1 0.8092523120474464 1 0.8468029474258965
449 1 0.0 1 0.8092523120474464 1 0.8468029474258965
450 1 0.0 1 0.8092523120474464 1 0.8468029474258965
451 1 0.0 1 0.8092523120474464 1 0.8468029474258965
452 1 0.0 1 0.8092523120474464 1 0.8468029474258965
453 1 0.0 1 0.8092523120474464 1 0.8468029474258965
454 1 0.0 1 0.8092523120474464 1 0.8468029474258965
455 1 0.0 1 0.8092523120474464 1 0.8468029474258965
456 1 0.0 1 0.8092523120474464 1 0.8468029474258965
457 1 0.0 1 0.8092523120474464 1 0.8468029474258965
458 1 0.0 1 0.8092523120474464 1 0.8468029474258965
459 1 0.0 1 0.8092523120474464 1 0.8468029474258965
460 1 0.0 1 0.8092523120474464 1 0.8468029474258965
461 1 0.0 1 0.8092523120474464 1 0.8468029474258965
462 1 0.0 1 0.8092523120474464 1 0.8468029474258965
463 1 0.0 1 0.8092523120474464 1 0.8468029474258965
464 1 0.0 1 0.8092523120474464 1 0.8468029474258965
465 1 0.0 1 0.8092523120474464 1 0.8468029474258965
466 1 0.0 1 0.8092523120474464 1 0.8468029474258965
467 1 0.0 1 0.8092523120474464 1 0.8468029474258965
468 1 0.0 1 0.8092523120474464 1 0.8468029474258965
469 1 0.0 1 0.8092523120474464 1 0.8468029474258965
470 1 0.0 1 0.8092523120474464 1 0.8468029474258965
471 1 0.0 1 0.8092523120474464 1 0.8468029474258965
472 1 0.0 1 0.8092523120474464 1 0.8468029474258965
473 1 0.0 1 0.8092523120474464 1 0.8468029474258965
474 1 0.0 1 0.8092523120474464 1 0.8468029474258965
475 1 0.0 1 0.8092523120474464 1 0.8468029474258965
476 1 0.0 1 0.8092523120474464 1 0.8468029474258965
477 1 0.0 1 0.8092523120474464 1 0.8468029474258965
478 1 0.0 1 0.8092523120474464 1 0.8468029474258965
479 1 0.0 1 0.8092523120474464 1 0.8468029474258965
480 1 0.0 1 0.8092523120474464 1 0.8468029474258965
481 1 0.0 1 0.8092523120474464 1 0.8468029474258965
482 1 0.0 1 0.8092523120474464 1 0.8468029474258965
483 1 0.0 1 0.8092523120474464 1 0.8468029474258965
484 1 0.0 1 0.8092523120474464 1 0.8468029474258965
485 1 0.0 1 0.8092523120474464 1 0.8468029474258965
486 1 0.0 1 0.8092523120474464 1 0.8468029474258965
487 1 0.0 1 0.8092523120474464 1 0.8468029474258965
488 1 0.0 1 0.8092523120474464 1 0.8468029474258965
489 1 0.0 1 0.8092523120474464 1 0.8468029474258965
490 1 0.0 1 0.8092523120474464 1 0.8468029474258965
491 1 0.0 1 0.8092523120474464 1 0.8468029474258965
492 1 0.0 1 0.8092523120474464 1 0.8468029474258965
493 1 0.0 1 0.8092523120474464 1 0.8468029474258965
494 1 0.0 1 0.8092523120474464 1 0.8468029474258965
495 1 0.0 1 0.8092523120474464 1 0.8468029474258965
496 1 0.0 1 0.8092523120474464 1 0.8468029474258965
497 1 0.0 1 0.8092523120474464 1 0.8468029474258965
498 1 0.0 1 0.8092523120474464 1 0.8468029474258965
499 1 0.0 1 0.8092523120474464 1 0.8468029474258965
500 1 0.0 1 0.8092523120474464 1 0.8468029474258965
501 1 0.0 1 0.8092523120474464 1 0.8468029474258965
502 1 0.0 1 0.8092523120474464 1 0.8468029474258965
503 1 0.0 1 0.8092523120474464 1 0.8468029474258965
504 1 0.0 1 0.8092523120474464 1 0.8468029474258965
505 1 0.0 1 0.8092523120474464 1 0.8468029474258965
506 1 0.0 1 0.8092523120474464 1 0.8468029474258965
507 1 0.0 1 0.8092523120474464 1 0.8468029474258965
508 1 0.0 1 0.8092523120474464 1 0.8468029474258965
509 1 0.0 1 0.8092523120474464 1 0.8468029474258965
510 1 0.0 1 0.8092523120474464 1 0.8468029474258965
511 1 0.0 1 0.8092523120474464 1 0.8468029474258965
512 1 0.0 1 0.8092523120474464 1 0.8468029474258965
513 1 0.0 1 0.8092523120474464 1 0.8468029474258965
514 1 0.0 1 0.8092523120474464 1 0.8468029474258965
515 1 0.0 1 0.8092523120474464 1 0.8468029474258965
516 1 0.0 1 0.8092523120474464 1 0.8468029474258965
517 1 0.0 1 0.8092523120474464 1 0.8468029474258965
518 1 0.0 1 0.8092523120474464 1 0.8468029474258965
519 1 0.0 1 0.8092523120474464 1 0.8468029474258965
520 1 0.0 1 0.8092523120474464 1 0.8468029474258965
521 1 0.0 1 0.8092523120474464 1 0.8468029474258965
522 1 0.0 1 0.8092523120474464 1 0.8468029474258965
523 1 0.0 1 0.8092523120474464 1 0.8468029474258965
524 1 0.0 1 0.8092523120474464 1 0.8468029474258965
525 1 0.0 1 0.8092523120474464 1 0.8468029474258965
526 1 0.0 1 0.8092523120474464 1 0.8468029474258965
527 1 0.0 1 0.8092523120474464 1 0.8468029474258965
528 1 0.0 1 0.8092523120474464 1 0.8468029474258965
529 1 0.0 1 0.8092523120474464 1 0.8468029474258965
530 1 0.0 1 0.8092523120474464 1 0.8468029474258965
531 1 0.0 1 0.8092523120474464 1 0.8468029474258965
532 1 0.0 1 0.8092523120474464 1 0.8468029474258965
533 1 0.0 1 0.8092523120474464 1 0.8468029474258965
534 1 0.0 1 0.8092523120474464 1 0.8468029474258965
535 1 0.0 1 0.8092523120474464 1 0.8468029474258965
536 1 0.0 1 0.8092523120474464 1 0.8468029474258965
537 1 0.0 1 0.8092523120474464 1 0.8468029474258965
538 1 0.0 1 0.8092523120474464 1 0.8468029474258965
539 1 0.0 1 0.8092523120474464 1 0.8468029474258965
540 1 0.0 1 0.8092523120474464 1 0.8468029474258965
541 1 0.0 1 0.8092523120474464 1 0.8468029474258965
542 1 0.0 1 0.8092523120474464 1 0.8468029474258965
543 1 0.0 1 0.8092523120474464 1 0.8468029474258965
544 1 0.0 1 0.8092523120474464 1 0.8468029474258965
545 1 0.0 1 0.8092523120474464 1 0.8468029474258965
546 1 0.0 1 0.8092523120474464 1 0.8468029474258965
547 1 0.0 1 0.8092523120474464 1 0.8468029474258965
548 1 0.0 1 0.8092523120474464 1 0.8468029474258965
549 1 0.0 1 0.8092523120474464 1 0.8468029474258965
550 1 0.0 1 0.8092523120474464 1 0.8468029474258965
551 1 0.0 1 0.8092523120474464 1 0.8468029474258965
552 1 0.0 1 0.8092523120474464 1 0.8468029474258965
553 1 0.0 1 0.8092523120474464 1 0.8468029474258965
554 1 0.0 1 0.8092523120474464 1 0.8468029474258965
555 1 0.0 1 0.8092523120474464 1 0.8468029474258965
556 1 0.0 1 0.8092523120474464 1 0.8468029474258965
557 1 0.0 1 0.8092523120474464 1 0.8468029474258965
558 1 0.0 1 0.8092523120474464 1 0.8468029474258965
559 1 0.0 1 0.8092523120474464 1 0.8468029474258965
560 1 0.0 1 0.8092523120474464 1 0.8468029474258965
561 1 0.0 1 0.8092523120474464 1 0.8468029474258965
562 1 0.0 1 0.8092523120474464 1 0.8468029474258965
563 1 0.0 1 0.8092523120474464 1 0.8468029474258965
564 1 0.0 1 0.8092523120474464 1 0.8468029474258965
565 1 0.0 1 0.8092523120474464 1 0.8468029474258965
566 1 0.0 1 0.8092523120474464 1 0.8468029474258965
567 1 0.0 1 0.8092523120474464 1 0.8468029474258965
568 1 0.0 1 0.8092523120474464 1 0.8468029474258965
569 1 0.0 1 0.8092523120474464 1 0.8468029474258965
570 1 0.0 1 0.8092523120474464 1 0.8468029474258965
571 1 0.0 1 0.8092523120474464 1 0.8468029474258965
572 1 0.0 1 0.8092523120474464 1 0.8468029474258965
573 1 0.0 1 0.8092523120474464 1 0.8468029474258965
574 1 0.0 1 0.8092523120474464 1 0.8468029474258965
575 1 0.0 1 0.8092523120474464 1 0.8468029474258965
576 1 0.0 1 0.8092523120474464 1 0.8468029474258965
577 1 0.0 1 0.8092523120474464 1 0.8468029474258965
578 1 0.0 1 0.8092523120474464 1 0.8468029474258965
579 1 0.0 1 0.8092523120474464 1 0.8468029474258965
580 1 0.0 1 0.8092523120474464 1 0.8468029474258965
581 1 0.0 1 0.8092523120474464 1 0.8468029474258965
582 1 0.0 1 0.8092523120474464 1 0.8468029474258965
583 1 0.0 1 0.8092523120474464 1 0.8468029474258965
584 1 0.0 1 0.8092523120474464 1 0.8468029474258965
585 1 0.0 1 0.8092523120474464 1 0.8468029474258965
586 1 0.0 1 0.8092523120474464 1 0.8468029474258965
587 1 0.0 1 0.8092523120474464 1 0.8468029474258965
588 1 0.0 1 0.8092523120474464 1 0.8468029474258965
589 1 0.0 1 0.8092523120474464 1 0.8468029474258965
590 1 0.0 1 0.8092523120474464 1 0.8468029474258965
591 1 0.0 1 0.8092523120474464 1 0.8468029474258965
592 1 0.0 1 0.8092523120474464 1 0.8468029474258965
593 1 0.0 1 0.8092523120474464 1 0.8468029474258965
594 1 0.0 1 0.8092523120474464 1 0.8468029474258965
595 1 0.0 1 0.8092523120474464 1 0.8468029474258965
596 1 0.0 1 0.8092523120474464 1 0.8468029474258965
597 1 0.0 1 0.8092523120474464 1 0.8468029474258965
598 1 0.0 1 0.8092523120474464 1 0.8468029474258965
599 1 0.0 1 0.8092523120474464 1 0.8468029474258965
600 1 0.0 1 0.8092523120474464 1 0.8468029474258965
601 1 0.0 1 0.8092523120474464 1 0.8468029474258965
602 1 0.0 1 0.8092523120474464 1 0.8468029474258965
603 1 0.0 1 0.8092523120474464 1 0.8468029474258965
604 1 0.0 1 0.8092523120474464 1 0.8468029474258965
605 1 0.0 1 0.8092523120474464 1 0.8468029474258965
606 1 0.0 1 0.8092523120474464 1 0.8468029474258965
607 1 0.0 1 0.8092523120474464 1 0.8468029474258965
608 1 0.0 1 0.8092523120474464 1 0.8468029474258965
609 1 0.0 1 0.8092523120474464 1 0.8468029474258965
610 1 0.0 1 0.8092523120474464 1 0.8468029474258965
611 1 0.0 1 0.8092523120474464 1 0.8468029474258965
612 1 0.0 1 0.8092523120474464 1 0.8468029474258965
613 1 0.0 1 0.8092523120474464 1 0.8468029474258965
614 1 0.0 1 0.8092523120474464 1 0.8468029474258965
615 1 0.0 1 0.8092523120474464 1 0.8468029474258965
616 1 0.0 1 0.8092523120474464 1 0.8468029474258965
617 1 0.0 1 0.8092523120474464 1 0.8468029474258965
618 1 0.0 1 0.8092523120474464 1 0.8468029474258965
619 1 0.0 1 0.8092523120474464 1 0.8468029474258965
620 1 0.0 1 0.8092523120474464 1 0.8468029474258965
621 1 0.0 1 0.8092523120474464 1 0.8468029474258965
622 1 0.0 1 0.8092523120474464 1 0.8468029474258965
623 1 0.0 1 0.8092523120474464 1 0.8468029474258965
624 1 0.0 1 0.8092523120474464 1 0.8468029474258965
625 1 0.0 1 0.8092523120474464 1 0.8468029474258965
626 1 0.0 1 0.8092523120474464 1 0.8468029474258965
627 1 0.0 1 0.8092523120474464 1 0.8468029474258965
628 1 0.0 1 0.8092523120474464 1 0.8468029474258965
629 1 0.0 1 0.8092523120474464 1 0.8468029474258965
630 1 0.0 1 0.8092523120474464 1 0.8468029474258965
631 1 0.0 1 0.8092523120474464 1 0.8468029474258965
632 1 0.0 1 0.8092523120474464 1 0.8468029474258965
633 1 0.0 1 0.8092523120474464 1 0.8468029474258965
634 1 0.0 1 0.8092523120474464 1 0.8468029474258965
635 1 0.0 1 0.8092523120474464 1 0.8468029474258965
636 1 0.0 1 0.8092523120474464 1 0.8468029474258965
637 1 0.0 1 0.8092523120474464 1 0.8468029474258965
638 1 0.0 1 0.8092523120474464 1 0.8468029474258965
639 1 0.0 1 0.8092523120474464 1 0.8468029474258965
640 1 0.0 1 0.8092523120474464 1 0.8468029474258965
641 1 0.0 1 0.8092523120474464 1 0.8468029474258965
642 1 0.0 1 0.8092523120474464 1 0.8468029474258965
643 1 0.0 1 0.8092523120474464 1 0.8468029474258965
644 1 0.0 1 0.8092523120474464 1 0.8468029474258965
645 1 0.0 1 0.8092523120474464 1 0.8468029474258965
646 1 0.0 1 0.8092523120474464 1 0.8468029474258965
647 1 0.0 1 0.8092523120474464 1 0.8468029474258965
648 1 0.0 1 0.8092523120474464 1 0.8468029474258965
649 1 0.0 1 0.8092523120474464 1 0.8468029474258965
650 1 0.0 1 0.8092523120474464 1 0.8468029474258965
651 1 0.0 1 0.8092523120474464 1 0.8468029474258965
652 1 0.0 1 0.8092523120474464 1 0.8468029474258965
653 1 0.0 1 0.8092523120474464 1 0.8468029474258965
654 1 0.0 1 0.8092523120474464 1 0.8468029474258965
655 1 0.0 1 0.8092523120474464 1 0.8468029474258965
656 1 0.0 1 0.8092523120474464 1 0.8468029474258965
657 1 0.0 1 0.8092523120474464 1 0.8468029474258965
658 1 0.0 1 0.8092523120474464 1 0.8468029474258965
659 1 0.0 1 0.8092523120474464 1 0.8468029474258965
660 1 0.0 1 0.8092523120474464 1 0.8468029474258965
661 1 0.0 1 0.8092523120474464 1 0.8468029474258965
662 1 0.0 1 0.8092523120474464 1 0.8468029474258965
663 1 0.0 1 0.8092523120474464 1 0.8468029474258965
664 1 0.0 1 0.8092523120474464 1 0.8468029474258965
665 1 0.0 1 0.8092523120474464 1 0.8468029474258965
666 1 0.0 1 0.8092523120474464 1 0.8468029474258965
667 1 0.0 1 0.8092523120474464 1 0.8468029474258965
668 1 0.0 1 0.8092523120474464 1 0.8468029474258965
669 1 0.0 1 0.8092523120474464 1 0.8468029474258965
670 1 0.0 1 0.8092523120474464 1 0.8468029474258965
671 1 0.0 1 0.8092523120474464 1 0.8468029474258965
672 1 0.0 1 0.8092523120474464 1 0.8468029474258965
673 1 0.0 1 0.8092523120474464 1 0.8468029474258965
674 1 0.0 1 0.8092523120474464 1 0.8468029474258965
675 1 0.0 1 0.8092523120474464 1 0.8468029474258965
676 1 0.0 1 0.8092523120474464 1 0.8468029474258965
677 1 0.0 1 0.8092523120474464 1 0.8468029474258965
678 1 0.0 1 0.8092523120474464 1 0.8468029474258965
679 1 0.0 1 0.8092523120474464 1 0.8468029474258965
680 1 0.0 1 0.8092523120474464 1 0.8468029474258965
681 1 0.0 1 0.8092523120474464 1 0.8468029474258965
682 1 0.0 1 0.8092523120474464 1 0.8468029474258965
683 1 0.0 1 0.8092523120474464 1 0.8468029474258965
684 1 0.0 1 0.8092523120474464 1 0.8468029474258965
685 1 0.0 1 0.8092523120474464 1 0.8468029474258965
686 1 0.0 1 0.8092523120474464 1 0.8468029474258965
687 1 0.0 1 0.8092523120474464 1 0.8468029474258965
688 1 0.0 1 0.8092523120474464 1 0.8468029474258965
689 1 0.0 1 0.8092523120474464 1 0.8468029474258965
690 1 0.0 1 0.8092523120474464 1 0.8468029474258965
691 1 0.0 1 0.8092523120474464 1 0.8468029474258965
692 1 0.0 1 0.8092523120474464 1 0.8468029474258965
693 1 0.0 1 0.8092523120474464 1 0.8468029474258965
694 1 0.0 1 0.8092523120474464 1 0.8468029474258965
695 1 0.0 1 0.8092523120474464 1 0.8468029474258965
696 1 0.0 1 0.8092523120474464 1 0.8468029474258965
697 1 0.0 1 0.8092523120474464 1 0.8468029474258965
698 1 0.0 1 0.8092523120474464 1 0.8468029474258965
699 1 0.0 1 0.8092523120474464 1 0.8468029474258965
700 1 0.0 1 0.8092523120474464 1 0.8468029474258965
701 1 0.0 1 0.8092523120474464 1 0.8468029474258965
702 1 0.0 1 0.8092523120474464 1 0.8468029474258965
703 1 0.0 1 0.8092523120474464 1 0.8468029474258965
704 1 0.0 1 0.8092523120474464 1 0.8468029474258965
705 1 0.0 1 0.8092523120474464 1 0.8468029474258965
706 1 0.0 1 0.8092523120474464 1 0.8468029474258965
707 1 0.0 1 0.8092523120474464 1 0.8468029474258965
708 1 0.0 1 0.8092523120474464 1 0.8468029474258965
709 1 0.0 1 0.8092523120474464 1 0.8468029474258965
710 1 0.0 1 0.8092523120474464 1 0.8468029474258965
711 1 0.0 1 0.8092523120474464 1 0.8468029474258965
712 1 0.0 1 0.8092523120474464 1 0.8468029474258965
713 1 0.0 1 0.8092523120474464 1 0.8468029474258965
714 1 0.0 1 0.8092523120474464 1 0.8468029474258965
715 1 0.0 1 0.8092523120474464 1 0.8468029474258965
716 1 0.0 1 0.8092523120474464 1 0.8468029474258965
717 1 0.0 1 0.8092523120474464 1 0.8468029474258965
718 1 0.0 1 0.8092523120474464 1 0.8468029474258965
719 1 0.0 1 0.8092523120474464 1 0.8468029474258965
720 1 0.0 1 0.8092523120474464 1 0.8468029474258965
721 1 0.0 1 0.8092523120474464 1 0.8468029474258965
722 1 0.0 1 0.8092523120474464 1 0.8468029474258965
723 1 0.0 1 0.8092523120474464 1 0.8468029474258965
724 1 0.0 1 0.8092523120474464 1 0.8468029474258965
725 1 0.0 1 0.8092523120474464 1 0.8468029474258965
726 1 0.0 1 0.8092523120474464 1 0.8468029474258965
727 1 0.0 1 0.8092523120474464 1 0.8468029474258965
728 1 0.0 1 0.8092523120474464 1 0.8468029474258965
729 1 0.0 1 0.8092523120474464 1 0.8468029474258965
730 1 0.0 1 0.8092523120474464 1 0.8468029474258965
731 1 0.0 1 0.8092523120474464 1 0.8468029474258965
732 1 0.0 1 0.8092523120474464 1 0.8468029474258965
733 1 0.0 1 0.8092523120474464 1 0.8468029474258965
734 1 0.0 1 0.8092523120474464 1 0.8468029474258965
735 1 0.0 1 0.8092523120474464 1 0.8468029474258965
736 1 0.0 1 0.8092523120474464 1 0.8468029474258965
737 1 0.0 1 0.8092523120474464 1 0.8468029474258965
738 1 0.0 1 0.8092523120474464 1 0.8468029474258965
739 1 0.0 1 0.8092523120474464 1 0.8468029474258965
740 1 0.0 1 0.8092523120474464 1 0.8468029474258965
741 1 0.0 1 0.8092523120474464 1 0.8468029474258965
742 1 0.0 1 0.8092523120474464 1 0.8468029474258965
743 1 0.0 1 0.8092523120474464 1 0.8468029474258965
744 1 0.0 1 0.8092523120474464 1 0.8468029474258965
745 1 0.0 1 0.8092523120474464 1 0.8468029474258965
746 1 0.0 1 0.8092523120474464 1 0.8468029474258965
747 1 0.0 1 0.8092523120474464 1 0.8468029474258965
748 1 0.0 1 0.8092523120474464 1 0.8468029474258965
749 1 0.0 1 0.8092523120474464 1 0.8468029474258965
750 1 0.0 1 0.8092523120474464 1 0.8468029474258965
751 1 0.0 1 0.8092523120474464 1 0.8468029474258965
752 1 0.0 1 0.8092523120474464 1 0.8468029474258965
753 1 0.0 1 0.8092523120474464 1 0.8468029474258965
754 1 0.0 1 0.8092523120474464 1 0.8468029474258965
755 1 0.0 1 0.8092523120474464 1 0.8468029474258965
756 1 0.0 1 0.8092523120474464 1 0.8468029474258965
757 1 0.0 1 0.8092523120474464 1 0.8468029474258965
758 1 0.0 1 0.8092523120474464 1 0.8468029474258965
759 1 0.0 1 0.8092523120474464 1 0.8468029474258965
760 1 0.0 1 0.8092523120474464 1 0.8468029474258965
761 1 0.0 1 0.8092523120474464 1 0.8468029474258965
762 1 0.0 1 0.8092523120474464 1 0.8468029474258965
763 1 0.0 1 0.8092523120474464 1 0.8468029474258965
764 1 0.0 1 0.8092523120474464 1 0.8468029474258965
765 1 0.0 1 0.8092523120474464 1 0.8468029474258965
766 1 0.0 1 0.8092523120474464 1 0.8468029474258965
767 1 0.0 1 0.8092523120474464 1 0.8468029474258965
768 1 0.0 1 0.8092523120474464 1 0.8468029474258965
769 1 0.0 1 0.8092523120474464 1 0.8468029474258965
770 1 0.0 1 0.8092523120474464 1 0.8468029474258965
771 1 0.0 1 0.8092523120474464 1 0.8468029474258965
772 1 0.0 1 0.8092523120474464 1 0.8468029474258965
773 1 0.0 1 0.8092523120474464 1 0.8468029474258965
774 1 0.0 1 0.8092523120474464 1 0.8468029474258965
775 1 0.0 1 0.8092523120474464 1 0.8468029474258965
776 1 0.0 1 0.8092523120474464 1 0.8468029474258965
777 1 0.0 1 0.8092523120474464 1 0.8468029474258965
778 1 0.0 1 0.8092523120474464 1 0.8468029474258965
779 1 0.0 1 0.8092523120474464 1 0.8468029474258965
780 1 0.0 1 0.8092523120474464 1 0.8468029474258965
781 1 0.0 1 0.8092523120474464 1 0.8468029474258965
782 1 0.0 1 0.8092523120474464 1 0.8468029474258965
783 1 0.0 1 0.8092523120474464 1 0.8468029474258965
784 1 0.0 1 0.8092523120474464 1 0.8468029474258965
785 1 0.0 1 0.8092523120474464 1 0.8468029474258965
786 1 0.0 1 0.8092523120474464 1 0.8468029474258965
787 1 0.0 1 0.8092523120474464 1 0.8468029474258965
788 1 0.0 1 0.8092523120474464 1 0.8468029474258965
789 1 0.0 1 0.8092523120474464 1 0.8468029474258965
790 1 0.0 1 0.8092523120474464 1 0.8468029474258965
791 1 0.0 1 0.8092523120474464 1 0.8468029474258965
792 1 0.0 1 0.8092523120474464 1 0.8468029474258965
793 1 0.0 1 0.8092523120474464 1 0.8468029474258965
794 1 0.0 1 0.8092523120474464 1 0.8468029474258965
795 1 0.0 1 0.8092523120474464 1 0.8468029474258965
796 1 0.0 1 0.8092523120474464 1 0.8468029474258965
797 1 0.0 1 0.8092523120474464 1 0.8468029474258965
798 1 0.0 1 0.8092523120474464 1 0.8468029474258965
799 1 0.0 1 0.8092523120474464 1 0.8468029474258965
800 1 0.0 1 0.8092523120474464 1 0.8468029474258965
801 1 0.0 1 0.8092523120474464 1 0.8468029474258965
802 1 0.0 1 0.8092523120474464 1 0.8468029474258965
803 1 0.0 1 0.8092523120474464 1 0.8468029474258965
804 1 0.0 1 0.8092523120474464 1 0.8468029474258965
805 1 0.0 1 0.8092523120474464 1 0.8468029474258965
806 1 0.0 1 0.8092523120474464 1 0.8468029474258965
807 1 0.0 1 0.8092523120474464 1 0.8468029474258965
808 1 0.0 1 0.8092523120474464 1 0.8468029474258965
809 1 0.0 1 0.8092523120474464 1 0.8468029474258965
810 1 0.0 1 0.8092523120474464 1 0.8468029474258965
811 1 0.0 1 0.8092523120474464 1 0.8468029474258965
812 1 0.0 1 0.8092523120474464 1 0.8468029474258965
813 1 0.0 1 0.8092523120474464 1 0.8468029474258965
814 1 0.0 1 0.8092523120474464 1 0.8468029474258965
815 1 0.0 1 0.8092523120474464 1 0.8468029474258965
816 1 0.0 1 0.8092523120474464 1 0.8468029474258965
817 1 0.0 1 0.8092523120474464 1 0.8468029474258965
818 1 0.0 1 0.8092523120474464 1 0.8468029474258965
819 1 0.0 1 0.8092523120474464 1 0.8468029474258965
820 1 0.0 1 0.8092523120474464 1 0.8468029474258965
821 1 0.0 1 0.8092523120474464 1 0.8468029474258965
822 1 0.0 1 0.8092523120474464 1 0.8468029474258965
823 1 0.0 1 0.8092523120474464 1 0.8468029474258965
824 1 0.0 1 0.8092523120474464 1 0.8468029474258965
825 1 0.0 1 0.8092523120474464 1 0.8468029474258965
826 1 0.0 1 0.8092523120474464 1 0.8468029474258965
827 1 0.0 1 0.8092523120474464 1 0.8468029474258965
828 1 0.0 1 0.8092523120474464 1 0.8468029474258965
829 1 0.0 1 0.8092523120474464 1 0.8468029474258965
830 1 0.0 1 0.8092523120474464 1 0.8468029474258965
831 1 0.0 1 0.8092523120474464 1 0.8468029474258965
832 1 0.0 1 0.8092523120474464 1 0.8468029474258965
833 1 0.0 1 0.8092523120474464 1 0.8468029474258965
834 1 0.0 1 0.8092523120474464 1 0.8468029474258965
835 1 0.0 1 0.8092523120474464 1 0.8468029474258965
836 1 0.0 1 0.8092523120474464 1 0.8468029474258965
837 1 0.0 1 0.8092523120474464 1 0.8468029474258965
838 1 0.0 1 0.8092523120474464 1 0.8468029474258965
839 1 0.0 1 0.8092523120474464 1 0.8468029474258965
840 1 0.0 1 0.8092523120474464 1 0.8468029474258965
841 1 0.0 1 0.8092523120474464 1 0.8468029474258965
842 1 0.0 1 0.8092523120474464 1 0.8468029474258965
843 1 0.0 1 0.8092523120474464 1 0.8468029474258965
844 1 0.0 1 0.8092523120474464 1 0.8468029474258965
845 1 0.0 1 0.8092523120474464 1 0.8468029474258965
846 1 0.0 1 0.8092523120474464 1 0.8468029474258965
847 1 0.0 1 0.8092523120474464 1 0.8468029474258965
848 1 0.0 1 0.8092523120474464 1 0.8468029474258965
849 1 0.0 1 0.8092523120474464 1 0.8468029474258965
850 1 0.0 1 0.8092523120474464 1 0.8468029474258965
851 1 0.0 1 0.8092523120474464 1 0.8468029474258965
852 1 0.0 1 0.8092523120474464 1 0.8468029474258965
853 1 0.0 1 0.8092523120474464 1 0.8468029474258965
854 1 0.0 1 0.8092523120474464 1 0.8468029474258965
855 1 0.0 1 0.8092523120474464 1 0.8468029474258965
856 1 0.0 1 0.8092523120474464 1 0.8468029474258965
857 1 0.0 1 0.8092523120474464 1 0.8468029474258965
858 1 0.0 1 0.8092523120474464 1 0.8468029474258965
859 1 0.0 1 0.8092523120474464 1 0.8468029474258965
860 1 0.0 1 0.8092523120474464 1 0.8468029474258965
861 1 0.0 1 0.8092523120474464 1 0.8468029474258965
862 1 0.0 1 0.8092523120474464 1 0.8468029474258965
863 1 0.0 1 0.8092523120474464 1 0.8468029474258965
864 1 0.0 1 0.8092523120474464 1 0.8468029474258965
865 1 0.0 1 0.8092523120474464 1 0.8468029474258965
866 1 0.0 1 0.8092523120474464 1 0.8468029474258965
867 1 0.0 1 0.8092523120474464 1 0.8468029474258965
868 1 0.0 1 0.8092523120474464 1 0.8468029474258965
869 1 0.0 1 0.8092523120474464 1 0.8468029474258965
870 1 0.0 1 0.8092523120474464 1 0.8468029474258965
871 1 0.0 1 0.8092523120474464 1 0.8468029474258965
872 1 0.0 1 0.8092523120474464 1 0.8468029474258965
873 1 0.0 1 0.8092523120474464 1 0.8468029474258965
874 1 0.0 1 0.8092523120474464 1 0.8468029474258965
875 1 0.0 1 0.8092523120474464 1 0.8468029474258965
876 1 0.0 1 0.8092523120474464 1 0.8468029474258965
877 1 0.0 1 0.8092523120474464 1 0.8468029474258965
878 1 0.0 1 0.8092523120474464 1 0.8468029474258965
879 1 0.0 1 0.8092523120474464 1 0.8468029474258965
880 1 0.0 1 0.8092523120474464 1 0.8468029474258965
881 1 0.0 1 0.8092523120474464 1 0.8468029474258965
882 1 0.0 1 0.8092523120474464 1 0.8468029474258965
883 1 0.0 1 0.8092523120474464 1 0.8468029474258965
884 1 0.0 1 0.8092523120474464 1 0.8468029474258965
885 1 0.0 1 0.8092523120474464 1 0.8468029474258965
886 1 0.0 1 0.8092523120474464 1 0.8468029474258965
887 1 0.0 1 0.8092523120474464 1 0.8468029474258965
888 1 0.0 1 0.8092523120474464 1 0.8468029474258965
889 1 0.0 1 0.8092523120474464 1 0.8468029474258965
890 1 0.0 1 0.8092523120474464 1 0.8468029474258965
891 1 0.0 1 0.8092523120474464 1 0.8468029474258965
892 1 0.0 1 0.8092523120474464 1 0.8468029474258965
893 1 0.0 1 0.8092523120474464 1 0.8468029474258965
894 1 0.0 1 0.8092523120474464 1 0.8468029474258965
895 1 0.0 1 0.8092523120474464 1 0.8468029474258965
896 1 0.0 1 0.8092523120474464 1 0.8468029474258965
897 1 0.0 1 0.8092523120474464 1 0.8468029474258965
898 1 0.0 1 0.8092523120474464 1 0.8468029474258965
899 1 0.0 1 0.8092523120474464 1 0.8468029474258965
900 1 0.0 1 0.8092523120474464 1 0.8468029474258965
901 1 0.0 1 0.8092523120474464 1 0.8468029474258965
902 1 0.0 1 0.8092523120474464 1 0.8468029474258965
903 1 0.0 1 0.8092523120474464 1 0.8468029474258965
904 1 0.0 1 0.8092523120474464 1 0.8468029474258965
905 1 0.0 1 0.8092523120474464 1 0.8468029474258965
906 1 0.0 1 0.8092523120474464 1 0.8468029474258965
907 1 0.0 1 0.8092523120474464 1 0.8468029474258965
908 1 0.0 1 0.8092523120474464 1 0.8468029474258965
909 1 0.0 1 0.8092523120474464 1 0.8468029474258965
910 1 0.0 1 0.8092523120474464 1 0.8468029474258965
911 1 0.0 1 0.8092523120474464 1 0.8468029474258965
912 1 0.0 1 0.8092523120474464 1 0.8468029474258965
913 1 0.0 1 0.8092523120474464 1 0.8468029474258965
914 1 0.0 1 0.8092523120474464 1 0.8468029474258965
915 1 0.0 1 0.8092523120474464 1 0.8468029474258965
916 1 0.0 1 0.8092523120474464 1 0.8468029474258965
917 1 0.0 1 0.8092523120474464 1 0.8468029474258965
918 1 0.0 1 0.8092523120474464 1 0.8468029474258965
919 1 0.0 1 0.8092523120474464 1 0.8468029474258965
920 1 0.0 1 0.8092523120474464 1 0.8468029474258965
921 1 0.0 1 0.8092523120474464 1 0.8468029474258965
922 1 0.0 1 0.8092523120474464 1 0.8468029474258965
923 1 0.0 1 0.8092523120474464 1 0.8468029474258965
924 1 0.0 1 0.8092523120474464 1 0.8468029474258965
925 1 0.0 1 0.8092523120474464 1 0.8468029474258965
926 1 0.0 1 0.8092523120474464 1 0.8468029474258965
927 1 0.0 1 0.8092523120474464 1 0.8468029474258965
928 1 0.0 1 0.8092523120474464 1 0.8468029474258965
929 1 0.0 1 0.8092523120474464 1 0.8468029474258965
930 1 0.0 1 0.8092523120474464 1 0.8468029474258965
931 1 0.0 1 0.8092523120474464 1 0.8468029474258965
932 1 0.0 1 0.8092523120474464 1 0.8468029474258965
933 1 0.0 1 0.8092523120474464 1 0.8468029474258965
934 1 0.0 1 0.8092523120474464 1 0.8468029474258965
935 1 0.0 1 0.8092523120474464 1 0.8468029474258965
936 1 0.0 1 0.8092523120474464 1 0.8468029474258965
937 1 0.0 1 0.8092523120474464 1 0.8468029474258965
938 1 0.0 1 0.8092523120474464 1 0.8468029474258965
939 1 0.0 1 0.8092523120474464 1 0.8468029474258965
940 1 0.0 1 0.8092523120474464 1 0.8468029474258965
941 1 0.0 1 0.8092523120474464 1 0.8468029474258965
942 1 0.0 1 0.8092523120474464 1 0.8468029474258965
943 1 0.0 1 0.8092523120474464 1 0.8468029474258965
944 1 0.0 1 0.8092523120474464 1 0.8468029474258965
945 1 0.0 1 0.8092523120474464 1 0.8468029474258965
946 1 0.0 1 0.8092523120474464 1 0.8468029474258965
947 1 0.0 1 0.8092523120474464 1 0.8468029474258965
948 1 0.0 1 0.8092523120474464 1 0.8468029474258965
949 1 0.0 1 0.8092523120474464 1 0.8468029474258965
950 1 0.0 1 0.8092523120474464 1 0.8468029474258965
951 1 0.0 1 0.8092523120474464 1 0.8468029474258965
952 1 0.0 1 0.8092523120474464 1 0.8468029474258965
953 1 0.0 1 0.8092523120474464 1 0.8468029474258965
954 1 0.0 1 0.8092523120474464 1 0.8468029474258965
955 1 0.0 1 0.8092523120474464 1 0.8468029474258965
956 1 0.0 1 0.8092523120474464 1 0.8468029474258965
957 1 0.0 1 0.8092523120474464 1 0.8468029474258965
958 1 0.0 1 0.8092523120474464 1 0.8468029474258965
959 1 0.0 1 0.8092523120474464 1 0.8468029474258965
960 1 0.0 1 0.8092523120474464 1 0.8468029474258965
961 1 0.0 1 0.8092523120474464 1 0.8468029474258965
962 1 0.0 1 0.8092523120474464 1 0.8468029474258965
963 1 0.0 1 0.8092523120474464 1 0.8468029474258965
964 1 0.0 1 0.8092523120474464 1 0.8468029474258965
965 1 0.0 1 0.8092523120474464 1 0.8468029474258965
966 1 0.0 1 0.8092523120474464 1 0.8468029474258965
967 1 0.0 1 0.8092523120474464 1 0.8468029474258965
968 1 0.0 1 0.8092523120474464 1 0.8468029474258965
969 1 0.0 1 0.8092523120474464 1 0.8468029474258965
970 1 0.0 1 0.8092523120474464 1 0.8468029474258965
971 1 0.0 1 0.8092523120474464 1 0.8468029474258965
972 1 0.0 1 0.8092523120474464 1 0.8468029474258965
973 1 0.0 1 0.8092523120474464 1 0.8468029474258965
974 1 0.0 1 0.8092523120474464 1 0.8468029474258965
975 1 0.0 1 0.8092523120474464 1 0.8468029474258965
976 1 0.0 1 0.8092523120474464 1 0.8468029474258965
977 1 0.0 1 0.8092523120474464 1 0.8468029474258965
978 1 0.0 1 0.8092523120474464 1 0.8468029474258965
979 1 0.0 1 0.8092523120474464 1 0.8468029474258965
980 1 0.0 1 0.8092523120474464 1 0.8468029474258965
981 1 0.0 1 0.8092523120474464 1 0.8468029474258965
982 1 0.0 1 0.8092523120474464 1 0.8468029474258965
983 1 0.0 1 0.8092523120474464 1 0.8468029474258965
984 1 0.0 1 0.8092523120474464 1 0.8468029474258965
985 1 0.0 1 0.8092523120474464 1 0.8468029474258965
986 1 0.0 1 0.8092523120474464 1 0.8468029474258965
987 1 0.0 1 0.8092523120474464 1 0.8468029474258965
988 1 0.0 1 0.8092523120474464 1 0.8468029474258965
989 1 0.0 1 0.8092523120474464 1 0.8468029474258965
990 1 0.0 1 0.8092523120474464 1 0.8468029474258965
991 1 0.0 1 0.8092523120474464 1 0.8468029474258965
992 1 0.0 1 0.8092523120474464 1 0.8468029474258965
993 1 0.0 1 0.8092523120474464 1 0.8468029474258965
994 1 0.0 1 0.8092523120474464 1 0.8468029474258965
995 1 0.0 1 0.8092523120474464 1 0.8468029474258965
996 1 0.0 1 0.8092523120474464 1 0.8468029474258965
997 1 0.0 1 0.8092523120474464 1 0.8468029474258965
998 1 0.0 1 0.8092523120474464 1 0.8468029474258965
999 1 0.0 1 0.8092523120474464 1 0.8468029474258965
1000 1 0.0 1 0.8092523120474464 1 0.8468029474258965
1001 1 0.0 1 0.8092523120474464 1 0.8468029474258965
1002 1 0.0 1 0.8092523120474464 1 0.8468029474258965
1003 1 0.0 1 0.8092523120474464 1 0.8468029474258965
1004 1 0.0 1 0.8092523120474464 1 0.8468029474258965
1005 1 0.0 1 0.8092523120474464 1 0.8468029474258965
1006 1 0.0 1 0.8092523120474464 1 0.8468029474258965
1007 1 0.0 1 0.8092523120474464 1 0.8468029474258965
1008 1 0.0 1 0.8092523120474464 1 0.8468029474258965
1009 1 0.0 1 0.8092523120474464 1 0.8468029474258965
1010 1 0.0 1 0.8092523120474464 1 0.8468029474258965
1011 1 0.0 1 0.8092523120474464 1 0.8468029474258965
1012 1 0.0 1 0.8092523120474464 1 0.8468029474258965
1013 1 0.0 1 0.8092523120474464 1 0.8468029474258965
1014 1 0.0 1 0.8092523120474464 1 0.8468029474258965
1015 1 0.0 1 0.8092523120474464 1 0.8468029474258965
1016 1 0.0 1 0.8092523120474464 1 0.8468029474258965
1017 1 0.0 1 0.8092523120474464 1 0.8468029474258965
1018 1 0.0 1 0.8092523120474464 1 0.8468029474258965
1019 1 0.0 1 0.8092523120474464 1 0.8468029474258965
1020 1 0.0 1 0.8092523120474464 1 0.8468029474258965
1021 1 0.0 1 0.8092523120474464 1 0.8468029474258965
1022 1 0.0 1 0.8092523120474464 1 0.8468029474258965
1023 1 0.0 1 0.8092523120474464 1 0.8468029474258965
1024 1 0.0 1 0.8092523120474464 1 0.8468029474258965
1025 1 0.0 1 0.8092523120474464 1 0.8468029474258965
1026 1 0.0 1 0.8092523120474464 1 0.8468029474258965
1027 1 0.0 1 0.8092523120474464 1 0.8468029474258965
1028 1 0.0 1 0.8092523120474464 1 0.8468029474258965
1029 1 0.0 1 0.8092523120474464 1 0.8468029474258965
1030 1 0.0 1 0.8092523120474464 1 0.8468029474258965
1031 1 0.0 1 0.8092523120474464 1 0.8468029474258965
1032 1 0.0 1 0.8092523120474464 1 0.8468029474258965
1033 1 0.0 1 0.8092523120474464 1 0.8468029474258965
1034 1 0.0 1 0.8092523120474464 1 0.8468029474258965
1035 1 0.0 1 0.8092523120474464 1 0.8468029474258965
1036 1 0.0 1 0.8092523120474464 1 0.8468029474258965
1037 1 0.0 1 0.8092523120474464 1 0.8468029474258965
1038 1 0.0 1 0.8092523120474464 1 0.8468029474258965
1039 1 0.0 1 0.8092523120474464 1 0.8468029474258965
1040 1 0.0 1 0.8092523120474464 1 0.8468029474258965
1041 1 0.0 1 0.8092523120474464 1 0.8468029474258965
1042 1 0.0 1 0.8092523120474464 1 0.8468029474258965
1043 1 0.0 1 0.8092523120474464 1 0.8468029474258965
1044 1 0.0 1 0.8092523120474464 1 0.8468029474258965
1045 1 0.0 1 0.8092523120474464 1 0.8468029474258965
1046 1 0.0 1 0.8092523120474464 1 0.8468029474258965
1047 1 0.0 1 0.8092523120474464 1 0.8468029474258965
1048 1 0.0 1 0.8092523120474464 1 0.8468029474258965
1049 1 0.0 1 0.8092523120474464 1 0.8468029474258965
1050 1 0.0 1 0.8092523120474464 1 0.8468029474258965
1051 1 0.0 1 0.8092523120474464 1 0.8468029474258965
1052 1 0.0 1 0.8092523120474464 1 0.8468029474258965
1053 1 0.0 1 0.8092523120474464 1 0.8468029474258965
1054 1 0.0 1 0.8092523120474464 1 0.8468029474258965
1055 1 0.0 1 0.8092523120474464 1 0.8468029474258965
1056 1 0.0 1 0.8092523120474464 1 0.8468029474258965
1057 1 0.0 1 0.8092523120474464 1 0.8468029474258965
1058 1 0.0 1 0.8092523120474464 1 0.8468029474258965
1059 1 0.0 1 0.8092523120474464 1 0.8468029474258965
1060 1 0.0 1 0.8092523120474464 1 0.8468029474258965
1061 1 0.0 1 0.8092523120474464 1 0.8468029474258965
1062 1 0.0 1 0.8092523120474464 1 0.8468029474258965
1063 1 0.0 1 0.8092523120474464 1 0.8468029474258965
1064 1 0.0 1 0.8092523120474464 1 0.8468029474258965
1065 1 0.0 1 0.8092523120474464 1 0.8468029474258965
1066 1 0.0 1 0.8092523120474464 1 0.8468029474258965
1067 1 0.0 1 0.8092523120474464 1 0.8468029474258965
1068 1 0.0 1 0.8092523120474464 1 0.8468029474258965
1069 1 0.0 1 0.8092523120474464 1 0.8468029474258965
1070 1 0.0 1 0.8092523120474464 1 0.8468029474258965
1071 1 0.0 1 0.8092523120474464 1 0.8468029474258965
1072 1 0.0 1 0.8092523120474464 1 0.8468029474258965
1073 1 0.0 1 0.8092523120474464 1 0.8468029474258965
1074 1 0.0 1 0.8092523120474464 1 0.8468029474258965
1075 1 0.0 1 0.8092523120474464 1 0.8468029474258965
1076 1 0.0 1 0.8092523120474464 1 0.8468029474258965
1077 1 0.0 1 0.8092523120474464 1 0.8468029474258965
1078 1 0.0 1 0.8092523120474464 1 0.8468029474258965
1079 1 0.0 1 0.8092523120474464 1 0.8468029474258965
1080 1 0.0 1 0.8092523120474464 1 0.8468029474258965
1081 1 0.0 1 0.8092523120474464 1 0.8468029474258965
1082 1 0.0 1 0.8092523120474464 1 0.8468029474258965
1083 1 0.0 1 0.8092523120474464 1 0.8468029474258965
1084 1 0.0 1 0.8092523120474464 1 0.8468029474258965
1085 1 0.0 1 0.8092523120474464 1 0.8468029474258965
1086 1 0.0 1 0.8092523120474464 1 0.8468029474258965
1087 1 0.0 1 0.8092523120474464 1 0.8468029474258965
1088 1 0.0 1 0.8092523120474464 1 0.8468029474258965
1089 1 0.0 1 0.8092523120474464 1 0.8468029474258965
1090 1 0.0 1 0.8092523120474464 1 0.8468029474258965
1091 1 0.0 1 0.8092523120474464 1 0.8468029474258965
1092 1 0.0 1 0.8092523120474464 1 0.8468029474258965
1093 1 0.0 1 0.8092523120474464 1 0.8468029474258965
1094 1 0.0 1 0.8092523120474464 1 0.8468029474258965
1095 1 0.0 1 0.8092523120474464 1 0.8468029474258965
1096 1 0.0 1 0.8092523120474464 1 0.8468029474258965
1097 1 0.0 1 0.8092523120474464 1 0.8468029474258965
1098 1 0.0 1 0.8092523120474464 1 0.8468029474258965
1099 1 0.0 1 0.8092523120474464 1 0.8468029474258965
1100 1 0.0 1 0.8092523120474464 1 0.8468029474258965
1101 1 0.0 1 0.8092523120474464 1 0.8468029474258965
1102 1 0.0 1 0.8092523120474464 1 0.8468029474258965
1103 1 0.0 1 0.8092523120474464 1 0.8468029474258965
1104 1 0.0 1 0.8092523120474464 1 0.8468029474258965
1105 1 0.0 1 0.8092523120474464 1 0.8468029474258965
1106 1 0.0 1 0.8092523120474464 1 0.8468029474258965
1107 1 0.0 1 0.8092523120474464 1 0.8468029474258965
1108 1 0.0 1 0.8092523120474464 1 0.8468029474258965
1109 1 0.0 1 0.8092523120474464 1 0.8468029474258965
1110 1 0.0 1 0.8092523120474464 1 0.8468029474258965
1111 1 0.0 1 0.8092523120474464 1 0.8468029474258965
1112 1 0.0 1 0.8092523120474464 1 0.8468029474258965
1113 1 0.0 1 0.8092523120474464 1 0.8468029474258965
1114 1 0.0 1 0.8092523120474464 1 0.8468029474258965
1115 1 0.0 1 0.8092523120474464 1 0.8468029474258965
1116 1 0.0 1 0.8092523120474464 1 0.8468029474258965
1117 1 0.0 1 0.8092523120474464 1 0.8468029474258965
1118 1 0.0 1 0.8092523120474464 1 0.8468029474258965
1119 1 0.0 1 0.8092523120474464 1 0.8468029474258965
1120 1 0.0 1 0.8092523120474464 1 0.8468029474258965
1121 1 0.0 1 0.8092523120474464 1 0.8468029474258965
1122 1 0.0 1 0.8092523120474464 1 0.8468029474258965
1123 1 0.0 1 0.8092523120474464 1 0.8468029474258965
1124 1 0.0 1 0.8092523120474464 1 0.8468029474258965
1125 1 0.0 1 0.8092523120474464 1 0.8468029474258965
1126 1 0.0 1 0.8092523120474464 1 0.8468029474258965
1127 1 0.0 1 0.8092523120474464 1 0.8468029474258965
1128 1 0.0 1 0.8092523120474464 1 0.8468029474258965
1129 1 0.0 1 0.8092523120474464 1 0.8468029474258965
1130 1 0.0 1 0.8092523120474464 1 0.8468029474258965
1131 1 0.0 1 0.8092523120474464 1 0.8468029474258965
1132 1 0.0 1 0.8092523120474464 1 0.8468029474258965
1133 1 0.0 1 0.8092523120474464 1 0.8468029474258965
1134 1 0.0 1 0.8092523120474464 1 0.8468029474258965
1135 1 0.0 1 0.8092523120474464 1 0.8468029474258965
1136 1 0.0 1 0.8092523120474464 1 0.8468029474258965
1137 1 0.0 1 0.8092523120474464 1 0.8468029474258965
1138 1 0.0 1 0.8092523120474464 1 0.8468029474258965
1139 1 0.0 1 0.8092523120474464 1 0.8468029474258965
1140 1 0.0 1 0.8092523120474464 1 0.8468029474258965
1141 1 0.0 1 0.8092523120474464 1 0.8468029474258965
1142 1 0.0 1 0.8092523120474464 1 0.8468029474258965
1143 1 0.0 1 0.8092523120474464 1 0.8468029474258965
1144 1 0.0 1 0.8092523120474464 1 0.8468029474258965
1145 1 0.0 1 0.8092523120474464 1 0.8468029474258965
1146 1 0.0 1 0.8092523120474464 1 0.8468029474258965
1147 1 0.0 1 0.8092523120474464 1 0.8468029474258965
1148 1 0.0 1 0.8092523120474464 1 0.8468029474258965
1149 1 0.0 1 0.8092523120474464 1 0.8468029474258965
1150 1 0.0 1 0.8092523120474464 1 0.8468029474258965
1151 1 0.0 1 0.8092523120474464 1 0.8468029474258965
1152 1 0.0 1 0.8092523120474464 1 0.8468029474258965
1153 1 0.0 1 0.8092523120474464 1 0.8468029474258965
1154 1 0.0 1 0.8092523120474464 1 0.8468029474258965
1155 1 0.0 1 0.8092523120474464 1 0.8468029474258965
1156 1 0.0 1 0.8092523120474464 1 0.8468029474258965
1157 1 0.0 1 0.8092523120474464 1 0.8468029474258965
1158 1 0.0 1 0.8092523120474464 1 0.8468029474258965
1159 1 0.0 1 0.8092523120474464 1 0.8468029474258965
1160 1 0.0 1 0.8092523120474464 1 0.8468029474258965
1161 1 0.0 1 0.8092523120474464 1 0.8468029474258965
1162 1 0.0 1 0.8092523120474464 1 0.8468029474258965
1163 1 0.0 1 0.8092523120474464 1 0.8468029474258965
1164 1 0.0 1 0.8092523120474464 1 0.8468029474258965
1165 1 0.0 1 0.8092523120474464 1 0.8468029474258965
1166 1 0.0 1 0.8092523120474464 1 0.8468029474258965
1167 1 0.0 1 0.8092523120474464 1 0.8468029474258965
1168 1 0.0 1 0.8092523120474464 1 0.8468029474258965
1169 1 0.0 1 0.8092523120474464 1 0.8468029474258965
1170 1 0.0 1 0.8092523120474464 1 0.8468029474258965
1171 1 0.0 1 0.8092523120474464 1 0.8468029474258965
1172 1 0.0 1 0.8092523120474464 1 0.8468029474258965
1173 1 0.0 1 0.8092523120474464 1 0.8468029474258965
1174 1 0.0 1 0.8092523120474464 1 0.8468029474258965
1175 1 0.0 1 0.8092523120474464 1 0.8468029474258965
1176 1 0.0 1 0.8092523120474464 1 0.8468029474258965
1177 1 0.0 1 0.8092523120474464 1 0.8468029474258965
1178 1 0.0 1 0.8092523120474464 1 0.8468029474258965
1179 1 0.0 1 0.8092523120474464 1 0.8468029474258965
1180 1 0.0 1 0.8092523120474464 1 0.8468029474258965
1181 1 0.0 1 0.8092523120474464 1 0.8468029474258965
1182 1 0.0 1 0.8092523120474464 1 0.8468029474258965
1183 1 0.0 1 0.8092523120474464 1 0.8468029474258965
1184 1 0.0 1 0.8092523120474464 1 0.8468029474258965
1185 1 0.0 1 0.8092523120474464 1 0.8468029474258965
1186 1 0.0 1 0.8092523120474464 1 0.8468029474258965
1187 1 0.0 1 0.8092523120474464 1 0.8468029474258965
1188 1 0.0 1 0.8092523120474464 1 0.8468029474258965
1189 1 0.0 1 0.8092523120474464 1 0.8468029474258965
1190 1 0.0 1 0.8092523120474464 1 0.8468029474258965
1191 1 0.0 1 0.8092523120474464 1 0.8468029474258965
1192 1 0.0 1 0.8092523120474464 1 0.8468029474258965
1193 1 0.0 1 0.8092523120474464 1 0.8468029474258965
1194 1 0.0 1 0.8092523120474464 1 0.8468029474258965
1195 1 0.0 1 0.8092523120474464 1 0.8468029474258965
1196 1 0.0 1 0.8092523120474464 1 0.8468029474258965
1197 1 0.0 1 0.8092523120474464 1 0.8468029474258965
1198 1 0.0 1 0.8092523120474464 1 0.8468029474258965
1199 1 0.0 1 0.8092523120474464 1 0.8468029474258965
1200 1 0.0 1 0.8092523120474464 1 0.8468029474258965
1201 1 0.0 1 0.8092523120474464 1 0.8468029474258965
1202 1 0.0 1 0.8092523120474464 1 0.8468029474258965
1203 1 0.0 1 0.8092523120474464 1 0.8468029474258965
1204 1 0.0 1 0.8092523120474464 1 0.8468029474258965
1205 1 0.0 1 0.8092523120474464 1 0.8468029474258965
1206 1 0.0 1 0.8092523120474464 1 0.8468029474258965
1207 1 0.0 1 0.8092523120474464 1 0.8468029474258965
1208 1 0.0 1 0.8092523120474464 1 0.8468029474258965
1209 1 0.0 1 0.8092523120474464 1 0.8468029474258965
1210 1 0.0 1 0.8092523120474464 1 0.8468029474258965
1211 1 0.0 1 0.8092523120474464 1 0.8468029474258965
1212 1 0.0 1 0.8092523120474464 1 0.8468029474258965
1213 1 0.0 1 0.8092523120474464 1 0.8468029474258965
1214 1 0.0 1 0.8092523120474464 1 0.8468029474258965
1215 1 0.0 1 0.8092523120474464 1 0.8468029474258965
1216 1 0.0 1 0.8092523120474464 1 0.8468029474258965
1217 1 0.0 1 0.8092523120474464 1 0.8468029474258965
1218 1 0.0 1 0.8092523120474464 1 0.8468029474258965
1219 1 0.0 1 0.8092523120474464 1 0.8468029474258965
1220 1 0.0 1 0.8092523120474464 1 0.8468029474258965
1221 1 0.0 1 0.8092523120474464 1 0.8468029474258965
1222 1 0.0 1 0.8092523120474464 1 0.8468029474258965
1223 1 0.0 1 0.8092523120474464 1 0.8468029474258965
1224 1 0.0 1 0.8092523120474464 1 0.8468029474258965
1225 1 0.0 1 0.8092523120474464 1 0.8468029474258965
1226 1 0.0 1 0.8092523120474464 1 0.8468029474258965
1227 1 0.0 1 0.8092523120474464 1 0.8468029474258965
1228 1 0.0 1 0.8092523120474464 1 0.8468029474258965
1229 1 0.0 1 0.8092523120474464 1 0.8468029474258965
1230 1 0.0 1 0.8092523120474464 1 0.8468029474258965
1231 1 0.0 1 0.8092523120474464 1 0.8468029474258965
1232 1 0.0 1 0.8092523120474464 1 0.8468029474258965
1233 1 0.0 1 0.8092523120474464 1 0.8468029474258965
1234 1 0.0 1 0.8092523120474464 1 0.8468029474258965
1235 1 0.0 1 0.8092523120474464 1 0.8468029474258965
1236 1 0.0 1 0.8092523120474464 1 0.8468029474258965
1237 1 0.0 1 0.8092523120474464 1 0.8468029474258965
1238 1 0.0 1 0.8092523120474464 1 0.8468029474258965
1239 1 0.0 1 0.8092523120474464 1 0.8468029474258965
1240 1 0.0 1 0.8092523120474464 1 0.8468029474258965
1241 1 0.0 1 0.8092523120474464 1 0.8468029474258965
1242 1 0.0 1 0.8092523120474464 1 0.8468029474258965
1243 1 0.0 1 0.8092523120474464 1 0.8468029474258965
1244 1 0.0 1 0.8092523120474464 1 0.8468029474258965
1245 1 0.0 1 0.8092523120474464 1 0.8468029474258965
1246 1 0.0 1 0.8092523120474464 1 0.8468029474258965
1247 1 0.0 1 0.8092523120474464 1 0.8468029474258965
1248 1 0.0 1 0.8092523120474464 1 0.8468029474258965
1249 1 0.0 1 0.8092523120474464 1 0.8468029474258965
1250 1 0.0 1 0.8092523120474464 1 0.8468029474258965
1251 1 0.0 1 0.8092523120474464 1 0.8468029474258965
1252 1 0.0 1 0.8092523120474464 1 0.8468029474258965
1253 1 0.0 1 0.8092523120474464 1 0.8468029474258965
1254 1 0.0 1 0.8092523120474464 1 0.8468029474258965
1255 1 0.0 1 0.8092523120474464 1 0.8468029474258965
1256 1 0.0 1 0.8092523120474464 1 0.8468029474258965
1257 1 0.0 1 0.8092523120474464 1 0.8468029474258965
1258 1 0.0 1 0.8092523120474464 1 0.8468029474258965
1259 1 0.0 1 0.8092523120474464 1 0.8468029474258965
1260 1 0.0 1 0.8092523120474464 1 0.8468029474258965
1261 1 0.0 1 0.8092523120474464 1 0.8468029474258965
1262 1 0.0 1 0.8092523120474464 1 0.8468029474258965
1263 1 0.0 1 0.8092523120474464 1 0.8468029474258965
1264 1 0.0 1 0.8092523120474464 1 0.8468029474258965
1265 1 0.0 1 0.8092523120474464 1 0.8468029474258965
1266 1 0.0 1 0.8092523120474464 1 0.8468029474258965
1267 1 0.0 1 0.8092523120474464 1 0.8468029474258965
1268 1 0.0 1 0.8092523120474464 1 0.8468029474258965
1269 1 0.0 1 0.8092523120474464 1 0.8468029474258965
1270 1 0.0 1 0.8092523120474464 1 0.8468029474258965
1271 1 0.0 1 0.8092523120474464 1 0.8468029474258965
1272 1 0.0 1 0.8092523120474464 1 0.8468029474258965
1273 1 0.0 1 0.8092523120474464 1 0.8468029474258965
1274 1 0.0 1 0.8092523120474464 1 0.8468029474258965
1275 1 0.0 1 0.8092523120474464 1 0.8468029474258965
1276 1 0.0 1 0.8092523120474464 1 0.8468029474258965
1277 1 0.0 1 0.8092523120474464 1 0.8468029474258965
1278 1 0.0 1 0.8092523120474464 1 0.8468029474258965
1279 1 0.0 1 0.8092523120474464 1 0.8468029474258965
1280 1 0.0 1 0.8092523120474464 1 0.8468029474258965
1281 1 0.0 1 0.8092523120474464 1 0.8468029474258965
1282 1 0.0 1 0.8092523120474464 1 0.8468029474258965
1283 1 0.0 1 0.8092523120474464 1 0.8468029474258965
1284 1 0.0 1 0.8092523120474464 1 0.8468029474258965
1285 1 0.0 1 0.8092523120474464 1 0.8468029474258965
1286 1 0.0 1 0.8092523120474464 1 0.8468029474258965
1287 1 0.0 1 0.8092523120474464 1 0.8468029474258965
1288 1 0.0 1 0.8092523120474464 1 0.8468029474258965
1289 1 0.0 1 0.8092523120474464 1 0.8468029474258965
1290 1 0.0 1 0.8092523120474464 1 0.8468029474258965
1291 1 0.0 1 0.8092523120474464 1 0.8468029474258965
1292 1 0.0 1 0.8092523120474464 1 0.8468029474258965
1293 1 0.0 1 0.8092523120474464 1 0.8468029474258965
1294 1 0.0 1 0.8092523120474464 1 0.8468029474258965
1295 1 0.0 1 0.8092523120474464 1 0.8468029474258965
1296 1 0.0 1 0.8092523120474464 1 0.8468029474258965
1297 1 0.0 1 0.8092523120474464 1 0.8468029474258965
1298 1 0.0 1 0.8092523120474464 1 0.8468029474258965
1299 1 0.0 1 0.8092523120474464 1 0.8468029474258965
1300 1 0.0 1 0.8092523120474464 1 0.8468029474258965
1301 1 0.0 1 0.8092523120474464 1 0.8468029474258965
1302 1 0.0 1 0.8092523120474464 1 0.8468029474258965
1303 1 0.0 1 0.8092523120474464 1 0.8468029474258965
1304 1 0.0 1 0.8092523120474464 1 0.8468029474258965
1305 1 0.0 1 0.8092523120474464 1 0.8468029474258965
1306 1 0.0 1 0.8092523120474464 1 0.8468029474258965
1307 1 0.0 1 0.8092523120474464 1 0.8468029474258965
1308 1 0.0 1 0.8092523120474464 1 0.8468029474258965
1309 1 0.0 1 0.8092523120474464 1 0.8468029474258965
1310 1 0.0 1 0.8092523120474464 1 0.8468029474258965
1311 1 0.0 1 0.8092523120474464 1 0.8468029474258965
1312 1 0.0 1 0.8092523120474464 1 0.8468029474258965
1313 1 0.0 1 0.8092523120474464 1 0.8468029474258965
1314 1 0.0 1 0.8092523120474464 1 0.8468029474258965
1315 1 0.0 1 0.8092523120474464 1 0.8468029474258965
1316 1 0.0 1 0.8092523120474464 1 0.8468029474258965
1317 1 0.0 1 0.8092523120474464 1 0.8468029474258965
1318 1 0.0 1 0.8092523120474464 1 0.8468029474258965
1319 1 0.0 1 0.8092523120474464 1 0.8468029474258965
1320 1 0.0 1 0.8092523120474464 1 0.8468029474258965
1321 1 0.0 1 0.8092523120474464 1 0.8468029474258965
1322 1 0.0 1 0.8092523120474464 1 0.8468029474258965
1323 1 0.0 1 0.8092523120474464 1 0.8468029474258965
1324 1 0.0 1 0.8092523120474464 1 0.8468029474258965
1325 1 0.0 1 0.8092523120474464 1 0.8468029474258965
1326 1 0.0 1 0.8092523120474464 1 0.8468029474258965
1327 1 0.0 1 0.8092523120474464 1 0.8468029474258965
1328 1 0.0 1 0.8092523120474464 1 0.8468029474258965
1329 1 0.0 1 0.8092523120474464 1 0.8468029474258965
1330 1 0.0 1 0.8092523120474464 1 0.8468029474258965
1331 1 0.0 1 0.8092523120474464 1 0.8468029474258965
1332 1 0.0 1 0.8092523120474464 1 0.8468029474258965
1333 1 0.0 1 0.8092523120474464 1 0.8468029474258965
1334 1 0.0 1 0.8092523120474464 1 0.8468029474258965
1335 1 0.0 1 0.8092523120474464 1 0.8468029474258965
1336 1 0.0 1 0.8092523120474464 1 0.8468029474258965
1337 1 0.0 1 0.8092523120474464 1 0.8468029474258965
1338 1 0.0 1 0.8092523120474464 1 0.8468029474258965
1339 1 0.0 1 0.8092523120474464 1 0.8468029474258965
1340 1 0.0 1 0.8092523120474464 1 0.8468029474258965
1341 1 0.0 1 0.8092523120474464 1 0.8468029474258965
1342 1 0.0 1 0.8092523120474464 1 0.8468029474258965
1343 1 0.0 1 0.8092523120474464 1 0.8468029474258965
1344 1 0.0 1 0.8092523120474464 1 0.8468029474258965
1345 1 0.0 1 0.8092523120474464 1 0.8468029474258965
1346 1 0.0 1 0.8092523120474464 1 0.8468029474258965
1347 1 0.0 1 0.8092523120474464 1 0.8468029474258965
1348 1 0.0 1 0.8092523120474464 1 0.8468029474258965
1349 1 0.0 1 0.8092523120474464 1 0.8468029474258965
1350 1 0.0 1 0.8092523120474464 1 0.8468029474258965
1351 1 0.0 1 0.8092523120474464 1 0.8468029474258965
1352 1 0.0 1 0.8092523120474464 1 0.8468029474258965
1353 1 0.0 1 0.8092523120474464 1 0.8468029474258965
1354 1 0.0 1 0.8092523120474464 1 0.8468029474258965
1355 1 0.0 1 0.8092523120474464 1 0.8468029474258965
1356 1 0.0 1 0.8092523120474464 1 0.8468029474258965
1357 1 0.0 1 0.8092523120474464 1 0.8468029474258965
1358 1 0.0 1 0.8092523120474464 1 0.8468029474258965
1359 1 0.0 1 0.8092523120474464 1 0.8468029474258965
1360 1 0.0 1 0.8092523120474464 1 0.8468029474258965
1361 1 0.0 1 0.8092523120474464 1 0.8468029474258965
1362 1 0.0 1 0.8092523120474464 1 0.8468029474258965
1363 1 0.0 1 0.8092523120474464 1 0.8468029474258965
1364 1 0.0 1 0.8092523120474464 1 0.8468029474258965
1365 1 0.0 1 0.8092523120474464 1 0.8468029474258965
1366 1 0.0 1 0.8092523120474464 1 0.8468029474258965
1367 1 0.0 1 0.8092523120474464 1 0.8468029474258965
1368 1 0.0 1 0.8092523120474464 1 0.8468029474258965
1369 1 0.0 1 0.8092523120474464 1 0.8468029474258965
1370 1 0.0 1 0.8092523120474464 1 0.8468029474258965
1371 1 0.0 1 0.8092523120474464 1 0.8468029474258965
1372 1 0.0 1 0.8092523120474464 1 0.8468029474258965
1373 1 0.0 1 0.8092523120474464 1 0.8468029474258965
1374 1 0.0 1 0.8092523120474464 1 0.8468029474258965
1375 1 0.0 1 0.8092523120474464 1 0.8468029474258965
1376 1 0.0 1 0.8092523120474464 1 0.8468029474258965
1377 1 0.0 1 0.8092523120474464 1 0.8468029474258965
1378 1 0.0 1 0.8092523120474464 1 0.8468029474258965
1379 1 0.0 1 0.8092523120474464 1 0.8468029474258965
1380 1 0.0 1 0.8092523120474464 1 0.8468029474258965
1381 1 0.0 1 0.8092523120474464 1 0.8468029474258965
1382 1 0.0 1 0.8092523120474464 1 0.8468029474258965
1383 1 0.0 1 0.8092523120474464 1 0.8468029474258965
1384 1 0.0 1 0.8092523120474464 1 0.8468029474258965
1385 1 0.0 1 0.8092523120474464 1 0.8468029474258965
1386 1 0.0 1 0.8092523120474464 1 0.8468029474258965
1387 1 0.0 1 0.8092523120474464 1 0.8468029474258965
1388 1 0.0 1 0.8092523120474464 1 0.8468029474258965
1389 1 0.0 1 0.8092523120474464 1 0.8468029474258965
1390 1 0.0 1 0.8092523120474464 1 0.8468029474258965
1391 1 0.0 1 0.8092523120474464 1 0.8468029474258965
1392 1 0.0 1 0.8092523120474464 1 0.8468029474258965
1393 1 0.0 1 0.8092523120474464 1 0.8468029474258965
1394 1 0.0 1 0.8092523120474464 1 0.8468029474258965
1395 1 0.0 1 0.8092523120474464 1 0.8468029474258965
1396 1 0.0 1 0.8092523120474464 1 0.8468029474258965
1397 1 0.0 1 0.8092523120474464 1 0.8468029474258965
1398 1 0.0 1 0.8092523120474464 1 0.8468029474258965
1399 1 0.0 1 0.8092523120474464 1 0.8468029474258965
1400 1 0.0 1 0.8092523120474464 1 0.8468029474258965
1401 1 0.0 1 0.8092523120474464 1 0.8468029474258965
1402 1 0.0 1 0.8092523120474464 1 0.8468029474258965
1403 1 0.0 1 0.8092523120474464 1 0.8468029474258965
1404 1 0.0 1 0.8092523120474464 1 0.8468029474258965
1405 1 0.0 1 0.8092523120474464 1 0.8468029474258965
1406 1 0.0 1 0.8092523120474464 1 0.8468029474258965
1407 1 0.0 1 0.8092523120474464 1 0.8468029474258965
1408 1 0.0 1 0.8092523120474464 1 0.8468029474258965
1409 1 0.0 1 0.8092523120474464 1 0.8468029474258965
1410 1 0.0 1 0.8092523120474464 1 0.8468029474258965
1411 1 0.0 1 0.8092523120474464 1 0.8468029474258965
1412 1 0.0 1 0.8092523120474464 1 0.8468029474258965
1413 1 0.0 1 0.8092523120474464 1 0.8468029474258965
1414 1 0.0 1 0.8092523120474464 1 0.8468029474258965
1415 1 0.0 1 0.8092523120474464 1 0.8468029474258965
1416 1 0.0 1 0.8092523120474464 1 0.8468029474258965
1417 1 0.0 1 0.8092523120474464 1 0.8468029474258965
1418 1 0.0 1 0.8092523120474464 1 0.8468029474258965
1419 1 0.0 1 0.8092523120474464 1 0.8468029474258965
1420 1 0.0 1 0.8092523120474464 1 0.8468029474258965
1421 1 0.0 1 0.8092523120474464 1 0.8468029474258965
1422 1 0.0 1 0.8092523120474464 1 0.8468029474258965
1423 1 0.0 1 0.8092523120474464 1 0.8468029474258965
1424 1 0.0 1 0.8092523120474464 1 0.8468029474258965
1425 1 0.0 1 0.8092523120474464 1 0.8468029474258965
1426 1 0.0 1 0.8092523120474464 1 0.8468029474258965
1427 1 0.0 1 0.8092523120474464 1 0.8468029474258965
1428 1 0.0 1 0.8092523120474464 1 0.8468029474258965
1429 1 0.0 1 0.8092523120474464 1 0.8468029474258965
1430 1 0.0 1 0.8092523120474464 1 0.8468029474258965
1431 1 0.0 1 0.8092523120474464 1 0.8468029474258965
1432 1 0.0 1 0.8092523120474464 1 0.8468029474258965
1433 1 0.0 1 0.8092523120474464 1 0.8468029474258965
1434 1 0.0 1 0.8092523120474464 1 0.8468029474258965
1435 1 0.0 1 0.8092523120474464 1 0.8468029474258965
1436 1 0.0 1 0.8092523120474464 1 0.8468029474258965
1437 1 0.0 1 0.8092523120474464 1 0.8468029474258965
1438 1 0.0 1 0.8092523120474464 1 0.8468029474258965
1439 1 0.0 1 0.8092523120474464 1 0.8468029474258965
1440 1 0.0 1 0.8092523120474464 1 0.8468029474258965
1441 1 0.0 1 0.8092523120474464 1 0.8468029474258965
1442 1 0.0 1 0.8092523120474464 1 0.8468029474258965
1443 1 0.0 1 0.8092523120474464 1 0.8468029474258965
1444 1 0.0 1 0.8092523120474464 1 0.8468029474258965
1445 1 0.0 1 0.8092523120474464 1 0.8468029474258965
1446 1 0.0 1 0.8092523120474464 1 0.8468029474258965
1447 1 0.0 1 0.8092523120474464 1 0.8468029474258965
1448 1 0.0 1 0.8092523120474464 1 0.8468029474258965
1449 1 0.0 1 0.8092523120474464 1 0.8468029474258965
1450 1 0.0 1 0.8092523120474464 1 0.8468029474258965
1451 1 0.0 1 0.8092523120474464 1 0.8468029474258965
1452 1 0.0 1 0.8092523120474464 1 0.8468029474258965
1453 1 0.0 1 0.8092523120474464 1 0.8468029474258965
1454 1 0.0 1 0.8092523120474464 1 0.8468029474258965
1455 1 0.0 1 0.8092523120474464 1 0.8468029474258965
1456 1 0.0 1 0.8092523120474464 1 0.8468029474258965
1457 1 0.0 1 0.8092523120474464 1 0.8468029474258965
1458 1 0.0 1 0.8092523120474464 1 0.8468029474258965
1459 1 0.0 1 0.8092523120474464 1 0.8468029474258965
1460 1 0.0 1 0.8092523120474464 1 0.8468029474258965
1461 1 0.0 1 0.8092523120474464 1 0.8468029474258965
1462 1 0.0 1 0.8092523120474464 1 0.8468029474258965
1463 1 0.0 1 0.8092523120474464 1 0.8468029474258965
1464 1 0.0 1 0.8092523120474464 1 0.8468029474258965
1465 1 0.0 1 0.8092523120474464 1 0.8468029474258965
1466 1 0.0 1 0.8092523120474464 1 0.8468029474258965
1467 1 0.0 1 0.8092523120474464 1 0.8468029474258965
1468 1 0.0 1 0.8092523120474464 1 0.8468029474258965
1469 1 0.0 1 0.8092523120474464 1 0.8468029474258965
1470 1 0.0 1 0.8092523120474464 1 0.8468029474258965
1471 1 0.0 1 0.8092523120474464 1 0.8468029474258965
1472 1 0.0 1 0.8092523120474464 1 0.8468029474258965
1473 1 0.0 1 0.8092523120474464 1 0.8468029474258965
1474 1 0.0 1 0.8092523120474464 1 0.8468029474258965
1475 1 0.0 1 0.8092523120474464 1 0.8468029474258965
1476 1 0.0 1 0.8092523120474464 1 0.8468029474258965
1477 1 0.0 1 0.8092523120474464 1 0.8468029474258965
1478 1 0.0 1 0.8092523120474464 1 0.8468029474258965
1479 1 0.0 1 0.8092523120474464 1 0.8468029474258965
1480 1 0.0 1 0.8092523120474464 1 0.8468029474258965
1481 1 0.0 1 0.8092523120474464 1 0.8468029474258965
1482 1 0.0 1 0.8092523120474464 1 0.8468029474258965
1483 1 0.0 1 0.8092523120474464 1 0.8468029474258965
1484 1 0.0 1 0.8092523120474464 1 0.8468029474258965
1485 1 0.0 1 0.8092523120474464 1 0.8468029474258965
1486 1 0.0 1 0.8092523120474464 1 0.8468029474258965
1487 1 0.0 1 0.8092523120474464 1 0.8468029474258965
1488 1 0.0 1 0.8092523120474464 1 0.8468029474258965
1489 1 0.0 1 0.8092523120474464 1 0.8468029474258965
1490 1 0.0 1 0.8092523120474464 1 0.8468029474258965
1491 1 0.0 1 0.8092523120474464 1 0.8468029474258965
1492 1 0.0 1 0.8092523120474464 1 0.8468029474258965
1493 1 0.0 1 0.8092523120474464 1 0.8468029474258965
1494 1 0.0 1 0.8092523120474464 1 0.8468029474258965
1495 1 0.0 1 0.8092523120474464 1 0.8468029474258965
1496 1 0.0 1 0.8092523120474464 1 0.8468029474258965
1497 1 0.0 1 0.8092523120474464 1 0.8468029474258965
1498 1 0.0 1 0.8092523120474464 1 0.8468029474258965
1499 1 0.0 1 0.8092523120474464 1 0.8468029474258965
1500 1 0.0 1 0.8092523120474464 1 0.8468029474258965
