1 1 0.0 1 0.8441920212500547 -1 -0.5081257738567673
2 1 0.0 1 0.8441920212500547 -1 -0.5081257738567673
3 1 0.0 1 0.8441920212500547 -1 -0.5081257738567673
4 1 0.0 1 0.8441920212500547 -1 -0.5081257738567673
5 1 0.0 1 0.8441920212500547 -1 -0.5081257738567673
6 1 0.0 1 0.8441920212500547 -1 -0.5081257738567673
7 1 0.0 1 0.8441920212500547 -1 -0.5081257738567673
8 1 0.0 1 0.8441920212500547 -1 -0.5081257738567673
9 1 0.0 1 0.8441920212500547 -1 -0.5081257738567673
10 1 0.0 1 0.8441920212500547 -1 -0.5081257738567673
11 1 0.0 1 0.8441920212500547 -1 -0.5081257738567673
12 1 0.0 1 0.8441920212500547 -1 -0.5081257738567673
13 1 0.0 1 0.8441920212500547 -1 -0.5081257738567673
14 1 0.0 1 0.8441920212500547 -1 -0.5081257738567673
15 1 0.0 1 0.8441920212500547 -1 -0.5081257738567673
16 1 0.0 1 0.8441920212500547 -1 -0.5081257738567673
17 1 0.0 1 0.8441920212500547 -1 -0.5081257738567673
18 1 0.0 1 0.8441920212500547 -1 -0.5081257738567673
19 1 0.0 1 0.8441920212500547 -1 -0.5081257738567673
20 1 0.0 1 0.8441920212500547 -1 -0.5081257738567673
21 1 0.0 1 0.8441920212500547 -1 -0.5081257738567673
22 1 0.0 1 0.8441920212500547 -1 -0.5081257738567673
23 1 0.0 1 0.8441920212500547 -1 -0.5081257738567673
24 1 0.0 1 0.8441920212500547 -1 -0.5081257738567673
25 1 0.0 1 0.8441920212500547 -1 -0.5081257738567673
26 1 0.0 1 0.8441920212500547 -1 -0.5081257738567673
27 1 0.0 1 0.8441920212500547 -1 -0.5081257738567673
28 1 0.0 1 0.8441920212500547 -1 -0.5081257738567673
29 1 0.0 1 0.8441920212500547 -1 -0.5081257738567673
30 1 0.0 1 0.8441920212500547 -1 -0.5081257738567673
31 1 0.0 1 0.8441920212500547 -1 -0.5081257738567673
32 1 0.0 1 0.8441920212500547 -1 -0.5081257738567673
33 1 0.0 1 0.8441920212500547 -1 -0.5081257738567673
34 1 0.0 1 0.8441920212500547 -1 -0.5081257738567673
35 1 0.0 1 0.8441920212500547 -1 -0.5081257738567673
36 1 0.0 1 0.8441920212500547 -1 -0.5081257738567673
37 1 0.0 1 0.8441920212500547 -1 -0.5081257738567673
38 1 0.0 1 0.8441920212500547 -1 -0.5081257738567673
39 1 0.0 1 0.8441920212500547 -1 -0.5081257738567673
40 1 0.0 1 0.8441920212500547 -1 -0.5081257738567673
41 1 0.0 1 0.8441920212500547 -1 -0.5081257738567673
42 1 0.0 1 0.8441920212500547 -1 -0.5081257738567673
43 1 0.0 1 0.8441920212500547 -1 -0.5081257738567673
44 1 0.0 1 0.8441920212500547 -1 -0.5081257738567673
45 1 0.0 1 0.8441920212500547 -1 -0.5081257738567673
46 1 0.0 1 0.8441920212500547 -1 -0.5081257738567673
47 1 0.0 1 0.8441920212500547 -1 -0.5081257738567673
48 1 0.0 1 0.8441920212500547 -1 -0.5081257738567673
49 1 0.0 1 0.8441920212500547 -1 -0.5081257738567673
50 1 0.0 1 0.8441920212500547 -1 -0.5081257738567673
51 1 0.0 1 0.8441920212500547 -1 -0.5081257738567673
52 1 0.0 1 0.8441920212500547 -1 -0.5081257738567673
53 1 0.0 1 0.8441920212500547 -1 -0.5081257738567673
54 1 0.0 1 0.8441920212500547 -1 -0.5081257738567673
55 1 0.0 1 0.8441920212500547 -1 -0.5081257738567673
56 1 0.0 1 0.8441920212500547 -1 -0.5081257738567673
57 1 0.0 1 0.8441920212500547 -1 -0.5081257738567673
58 1 0.0 1 0.8441920212500547 -1 -0.5081257738567673
59 1 0.0 1 0.8441920212500547 -1 -0.5081257738567673
60 1 0.0 1 0.8441920212500547 -1 -0.5081257738567673
61 1 0.0 1 0.8441920212500547 -1 -0.5081257738567673
62 1 0.0 1 0.8441920212500547 -1 -0.5081257738567673
63 1 0.0 1 0.8441920212500547 -1 -0.5081257738567673
64 1 0.0 1 0.8441920212500547 -1 -0.5081257738567673
65 1 0.0 1 0.8441920212500547 -1 -0.5081257738567673
66 1 0.0 1 0.8441920212500547 -1 -0.5081257738567673
67 1 0.0 1 0.8441920212500547 -1 -0.5081257738567673
68 1 0.0 1 0.8441920212500547 -1 -0.5081257738567673
69 1 0.0 1 0.8441920212500547 -1 -0.5081257738567673
70 1 0.0 1 0.8441920212500547 -1 -0.5081257738567673
71 1 0.0 1 0.8441920212500547 -1 -0.5081257738567673
72 1 0.0 1 0.8441920212500547 -1 -0.5081257738567673
73 1 0.0 1 0.8441920212500547 -1 -0.5081257738567673
74 1 0.0 1 0.8441920212500547 -1 -0.5081257738567673
75 1 0.0 1 0.8441920212500547 -1 -0.5081257738567673
76 1 0.0 1 0.8441920212500547 -1 -0.5081257738567673
77 1 0.0 1 0.8441920212500547 -1 -0.5081257738567673
78 1 0.0 1 0.8441920212500547 -1 -0.5081257738567673
79 1 0.0 1 0.8441920212500547 -1 -0.5081257738567673
80 1 0.0 1 0.8441920212500547 -1 -0.5081257738567673
81 1 0.0 1 0.8441920212500547 -1 -0.5081257738567673
82 1 0.0 1 0.8441920212500547 -1 -0.5081257738567673
83 1 0.0 1 0.8441920212500547 -1 -0.5081257738567673
84 1 0.0 1 0.8441920212500547 -1 -0.5081257738567673
85 1 0.0 1 0.8441920212500547 -1 -0.5081257738567673
86 1 0.0 1 0.8441920212500547 -1 -0.5081257738567673
87 1 0.0 1 0.8441920212500547 -1 -0.5081257738567673
88 1 0.0 1 0.8441920212500547 -1 -0.5081257738567673
89 1 0.0 1 0.8441920212500547 -1 -0.5081257738567673
90 1 0.0 1 0.8441920212500547 -1 -0.5081257738567673
91 1 0.0 1 0.8441920212500547 -1 -0.5081257738567673
92 1 0.0 1 0.8441920212500547 -1 -0.5081257738567673
93 1 0.0 1 0.8441920212500547 -1 -0.5081257738567673
94 1 0.0 1 0.8441920212500547 -1 -0.5081257738567673
95 1 0.0 1 0.8441920212500547 -1 -0.5081257738567673
96 1 0.0 1 0.8441920212500547 -1 -0.5081257738567673
97 1 0.0 1 0.8441920212500547 -1 -0.5081257738567673
98 1 0.0 1 0.8441920212500547 -1 -0.5081257738567673
99 1 0.0 1 0.8441920212500547 -1 -0.5081257738567673
100 1 0.0 1 0.8441920212500547 -1 -0.5081257738567673
101 1 0.0 1 0.8441920212500547 -1 -0.5081257738567673
102 1 0.0 1 0.8441920212500547 -1 -0.5081257738567673
103 1 0.0 1 0.8441920212500547 -1 -0.5081257738567673
104 1 0.0 1 0.8441920212500547 -1 -0.5081257738567673
105 1 0.0 1 0.8441920212500547 -1 -0.5081257738567673
106 1 0.0 1 0.8441920212500547 -1 -0.5081257738567673
107 1 0.0 1 0.8441920212500547 -1 -0.5081257738567673
108 1 0.0 1 0.8441920212500547 -1 -0.5081257738567673
109 1 0.0 1 0.8441920212500547 -1 -0.5081257738567673
110 1 0.0 1 0.8441920212500547 -1 -0.5081257738567673
111 1 0.0 1 0.8441920212500547 -1 -0.5081257738567673
112 1 0.0 1 0.8441920212500547 -1 -0.5081257738567673
113 1 0.0 1 0.8441920212500547 -1 -0.5081257738567673
114 1 0.0 1 0.8441920212500547 -1 -0.5081257738567673
115 1 0.0 1 0.8441920212500547 -1 -0.5081257738567673
116 1 0.0 1 0.8441920212500547 -1 -0.5081257738567673
117 1 0.0 1 0.8441920212500547 -1 -0.5081257738567673
118 1 0.0 1 0.8441920212500547 -1 -0.5081257738567673
119 1 0.0 1 0.8441920212500547 -1 -0.5081257738567673
120 1 0.0 1 0.8441920212500547 -1 -0.5081257738567673
121 1 0.0 1 0.8441920212500547 -1 -0.5081257738567673
122 1 0.0 1 0.8441920212500547 -1 -0.5081257738567673
123 1 0.0 1 0.8441920212500547 -1 -0.5081257738567673
124 1 0.0 1 0.8441920212500547 -1 -0.5081257738567673
125 1 0.0 1 0.8441920212500547 -1 -0.5081257738567673
126 1 0.0 1 0.8441920212500547 -1 -0.5081257738567673
127 1 0.0 1 0.8441920212500547 -1 -0.5081257738567673
128 1 0.0 1 0.8441920212500547 -1 -0.5081257738567673
129 1 0.0 1 0.8441920212500547 -1 -0.5081257738567673
130 1 0.0 1 0.8441920212500547 -1 -0.5081257738567673
131 1 0.0 1 0.8441920212500547 -1 -0.5081257738567673
132 1 0.0 1 0.8441920212500547 -1 -0.5081257738567673
133 1 0.0 1 0.8441920212500547 -1 -0.5081257738567673
134 1 0.0 1 0.8441920212500547 -1 -0.5081257738567673
135 1 0.0 1 0.8441920212500547 -1 -0.5081257738567673
136 1 0.0 1 0.8441920212500547 -1 -0.5081257738567673
137 1 0.0 1 0.8441920212500547 -1 -0.5081257738567673
138 1 0.0 1 0.8441920212500547 -1 -0.5081257738567673
139 1 0.0 1 0.8441920212500547 -1 -0.5081257738567673
140 1 0.0 1 0.8441920212500547 -1 -0.5081257738567673
141 1 0.0 1 0.8441920212500547 -1 -0.5081257738567673
142 1 0.0 1 0.8441920212500547 -1 -0.5081257738567673
143 1 0.0 1 0.8441920212500547 -1 -0.5081257738567673
144 1 0.0 1 0.8441920212500547 -1 -0.5081257738567673
145 1 0.0 1 0.8441920212500547 -1 -0.5081257738567673
146 1 0.0 1 0.8441920212500547 -1 -0.5081257738567673
147 1 0.0 1 0.8441920212500547 -1 -0.5081257738567673
148 1 0.0 1 0.8441920212500547 -1 -0.5081257738567673
149 1 0.0 1 0.8441920212500547 -1 -0.5081257738567673
150 1 0.0 1 0.8441920212500547 -1 -0.5081257738567673
151 1 0.0 1 0.8441920212500547 -1 -0.5081257738567673
152 1 0.0 1 0.8441920212500547 -1 -0.5081257738567673
153 1 0.0 1 0.8441920212500547 -1 -0.5081257738567673
154 1 0.0 1 0.8441920212500547 -1 -0.5081257738567673
155 1 0.0 1 0.8441920212500547 -1 -0.5081257738567673
156 1 0.0 1 0.8441920212500547 -1 -0.5081257738567673
157 1 0.0 1 0.8441920212500547 -1 -0.5081257738567673
158 1 0.0 1 0.8441920212500547 -1 -0.5081257738567673
159 1 0.0 1 0.8441920212500547 -1 -0.5081257738567673
160 1 0.0 1 0.8441920212500547 -1 -0.5081257738567673
161 1 0.0 1 0.8441920212500547 -1 -0.5081257738567673
162 1 0.0 1 0.8441920212500547 -1 -0.5081257738567673
163 1 0.0 1 0.8441920212500547 -1 -0.5081257738567673
164 1 0.0 1 0.8441920212500547 -1 -0.5081257738567673
165 1 0.0 1 0.8441920212500547 -1 -0.5081257738567673
166 1 0.0 1 0.8441920212500547 -1 -0.5081257738567673
167 1 0.0 1 0.8441920212500547 -1 -0.5081257738567673
168 1 0.0 1 0.8441920212500547 -1 -0.5081257738567673
169 1 0.0 1 0.8441920212500547 -1 -0.5081257738567673
170 1 0.0 1 0.8441920212500547 -1 -0.5081257738567673
171 1 0.0 1 0.8441920212500547 -1 -0.5081257738567673
172 1 0.0 1 0.8441920212500547 -1 -0.5081257738567673
173 1 0.0 1 0.8441920212500547 -1 -0.5081257738567673
174 1 0.0 1 0.8441920212500547 -1 -0.5081257738567673
175 1 0.0 1 0.8441920212500547 -1 -0.5081257738567673
176 1 0.0 1 0.8441920212500547 -1 -0.5081257738567673
177 1 0.0 1 0.8441920212500547 -1 -0.5081257738567673
178 1 0.0 1 0.8441920212500547 -1 -0.5081257738567673
179 1 0.0 1 0.8441920212500547 -1 -0.5081257738567673
180 1 0.0 1 0.8441920212500547 -1 -0.5081257738567673
181 1 0.0 1 0.8441920212500547 -1 -0.5081257738567673
182 1 0.0 1 0.8441920212500547 -1 -0.5081257738567673
183 1 0.0 1 0.8441920212500547 -1 -0.5081257738567673
184 1 0.0 1 0.8441920212500547 -1 -0.5081257738567673
185 1 0.0 1 0.8441920212500547 -1 -0.5081257738567673
186 1 0.0 1 0.8441920212500547 -1 -0.5081257738567673
187 1 0.0 1 0.8441920212500547 -1 -0.5081257738567673
188 1 0.0 1 0.8441920212500547 -1 -0.5081257738567673
189 1 0.0 1 0.8441920212500547 -1 -0.5081257738567673
190 1 0.0 1 0.8441920212500547 -1 -0.5081257738567673
191 1 0.0 1 0.8441920212500547 -1 -0.5081257738567673
192 1 0.0 1 0.8441920212500547 -1 -0.5081257738567673
193 1 0.0 1 0.8441920212500547 -1 -0.5081257738567673
194 1 0.0 1 0.8441920212500547 -1 -0.5081257738567673
195 1 0.0 1 0.8441920212500547 -1 -0.5081257738567673
196 1 0.0 1 0.8441920212500547 -1 -0.5081257738567673
197 1 0.0 1 0.8441920212500547 -1 -0.5081257738567673
198 1 0.0 1 0.8441920212500547 -1 -0.5081257738567673
199 1 0.0 1 0.8441920212500547 -1 -0.5081257738567673
200 1 0.0 1 0.8441920212500547 -1 -0.5081257738567673
201 1 0.0 1 0.8441920212500547 -1 -0.5081257738567673
202 1 0.0 1 0.8441920212500547 -1 -0.5081257738567673
203 1 0.0 1 0.8441920212500547 -1 -0.5081257738567673
204 1 0.0 1 0.8441920212500547 -1 -0.5081257738567673
205 1 0.0 1 0.8441920212500547 -1 -0.5081257738567673
206 1 0.0 1 0.8441920212500547 -1 -0.5081257738567673
207 1 0.0 1 0.8441920212500547 -1 -0.5081257738567673
208 1 0.0 1 0.8441920212500547 -1 -0.5081257738567673
209 1 0.0 1 0.8441920212500547 -1 -0.5081257738567673
210 1 0.0 1 0.8441920212500547 -1 -0.5081257738567673
211 1 0.0 1 0.8441920212500547 -1 -0.5081257738567673
212 1 0.0 1 0.8441920212500547 -1 -0.5081257738567673
213 1 0.0 1 0.8441920212500547 -1 -0.5081257738567673
214 1 0.0 1 0.8441920212500547 -1 -0.5081257738567673
215 1 0.0 1 0.8441920212500547 -1 -0.5081257738567673
216 1 0.0 1 0.8441920212500547 -1 -0.5081257738567673
217 1 0.0 1 0.8441920212500547 -1 -0.5081257738567673
218 1 0.0 1 0.8441920212500547 -1 -0.5081257738567673
219 1 0.0 1 0.8441920212500547 -1 -0.5081257738567673
220 1 0.0 1 0.8441920212500547 -1 -0.5081257738567673
221 1 0.0 1 0.8441920212500547 -1 -0.5081257738567673
222 1 0.0 1 0.8441920212500547 -1 -0.5081257738567673
223 1 0.0 1 0.8441920212500547 -1 -0.5081257738567673
224 1 0.0 1 0.8441920212500547 -1 -0.5081257738567673
225 1 0.0 1 0.8441920212500547 -1 -0.5081257738567673
226 1 0.0 1 0.8441920212500547 -1 -0.5081257738567673
227 1 0.0 1 0.8441920212500547 -1 -0.5081257738567673
228 1 0.0 1 0.8441920212500547 -1 -0.5081257738567673
229 1 0.0 1 0.8441920212500547 -1 -0.5081257738567673
230 1 0.0 1 0.8441920212500547 -1 -0.5081257738567673
231 1 0.0 1 0.8441920212500547 -1 -0.5081257738567673
232 1 0.0 1 0.8441920212500547 -1 -0.5081257738567673
233 1 0.0 1 0.8441920212500547 -1 -0.5081257738567673
234 1 0.0 1 0.8441920212500547 -1 -0.5081257738567673
235 1 0.0 1 0.8441920212500547 -1 -0.5081257738567673
236 1 0.0 1 0.8441920212500547 -1 -0.5081257738567673
237 1 0.0 1 0.8441920212500547 -1 -0.5081257738567673
238 1 0.0 1 0.8441920212500547 -1 -0.5081257738567673
239 1 0.0 1 0.8441920212500547 -1 -0.5081257738567673
240 1 0.0 1 0.8441920212500547 -1 -0.5081257738567673
241 1 0.0 1 0.8441920212500547 -1 -0.5081257738567673
242 1 0.0 1 0.8441920212500547 -1 -0.5081257738567673
243 1 0.0 1 0.8441920212500547 -1 -0.5081257738567673
244 1 0.0 1 0.8441920212500547 -1 -0.5081257738567673
245 1 0.0 1 0.8441920212500547 -1 -0.5081257738567673
246 1 0.0 1 0.8441920212500547 -1 -0.5081257738567673
247 1 0.0 1 0.8441920212500547 -1 -0.5081257738567673
248 1 0.0 1 0.8441920212500547 -1 -0.5081257738567673
249 1 0.0 1 0.8441920212500547 -1 -0.5081257738567673
250 1 0.0 1 0.8441920212500547 -1 -0.5081257738567673
251 1 0.0 1 0.8441920212500547 -1 -0.5081257738567673
252 1 0.0 1 0.8441920212500547 -1 -0.5081257738567673
253 1 0.0 1 0.8441920212500547 -1 -0.5081257738567673
254 1 0.0 1 0.8441920212500547 -1 -0.5081257738567673
255 1 0.0 1 0.8441920212500547 -1 -0.5081257738567673
256 1 0.0 1 0.8441920212500547 -1 -0.5081257738567673
257 1 0.0 1 0.8441920212500547 -1 -0.5081257738567673
258 1 0.0 1 0.8441920212500547 -1 -0.5081257738567673
259 1 0.0 1 0.8441920212500547 -1 -0.5081257738567673
260 1 0.0 1 0.8441920212500547 -1 -0.5081257738567673
261 1 0.0 1 0.8441920212500547 -1 -0.5081257738567673
262 1 0.0 1 0.8441920212500547 -1 -0.5081257738567673
263 1 0.0 1 0.8441920212500547 -1 -0.5081257738567673
264 1 0.0 1 0.8441920212500547 -1 -0.5081257738567673
265 1 0.0 1 0.8441920212500547 -1 -0.5081257738567673
266 1 0.0 1 0.8441920212500547 -1 -0.5081257738567673
267 1 0.0 1 0.8441920212500547 -1 -0.5081257738567673
268 1 0.0 1 0.8441920212500547 -1 -0.5081257738567673
269 1 0.0 1 0.8441920212500547 -1 -0.5081257738567673
270 1 0.0 1 0.8441920212500547 -1 -0.5081257738567673
271 1 0.0 1 0.8441920212500547 -1 -0.5081257738567673
272 1 0.0 1 0.8441920212500547 -1 -0.5081257738567673
273 1 0.0 1 0.8441920212500547 -1 -0.5081257738567673
274 1 0.0 1 0.8441920212500547 -1 -0.5081257738567673
275 1 0.0 1 0.8441920212500547 -1 -0.5081257738567673
276 1 0.0 1 0.8441920212500547 -1 -0.5081257738567673
277 1 0.0 1 0.8441920212500547 -1 -0.5081257738567673
278 1 0.0 1 0.8441920212500547 -1 -0.5081257738567673
279 1 0.0 1 0.8441920212500547 -1 -0.5081257738567673
280 1 0.0 1 0.8441920212500547 -1 -0.5081257738567673
281 1 0.0 1 0.8441920212500547 -1 -0.5081257738567673
282 1 0.0 1 0.8441920212500547 -1 -0.5081257738567673
283 1 0.0 1 0.8441920212500547 -1 -0.5081257738567673
284 1 0.0 1 0.8441920212500547 -1 -0.5081257738567673
285 1 0.0 1 0.8441920212500547 -1 -0.5081257738567673
286 1 0.0 1 0.8441920212500547 -1 -0.5081257738567673
287 1 0.0 1 0.8441920212500547 -1 -0.5081257738567673
288 1 0.0 1 0.8441920212500547 -1 -0.5081257738567673
289 1 0.0 1 0.8441920212500547 -1 -0.5081257738567673
290 1 0.0 1 0.8441920212500547 -1 -0.5081257738567673
291 1 0.0 1 0.8441920212500547 -1 -0.5081257738567673
292 1 0.0 1 0.8441920212500547 -1 -0.5081257738567673
293 1 0.0 1 0.8441920212500547 -1 -0.5081257738567673
294 1 0.0 1 0.8441920212500547 -1 -0.5081257738567673
295 1 0.0 1 0.8441920212500547 -1 -0.5081257738567673
296 1 0.0 1 0.8441920212500547 -1 -0.5081257738567673
297 1 0.0 1 0.8441920212500547 -1 -0.5081257738567673
298 1 0.0 1 0.8441920212500547 -1 -0.5081257738567673
299 1 0.0 1 0.8441920212500547 -1 -0.5081257738567673
300 1 0.0 1 0.8441920212500547 -1 -0.5081257738567673
301 1 0.0 1 0.8441920212500547 -1 -0.5081257738567673
302 1 0.0 1 0.8441920212500547 -1 -0.5081257738567673
303 1 0.0 1 0.8441920212500547 -1 -0.5081257738567673
304 1 0.0 1 0.8441920212500547 -1 -0.5081257738567673
305 1 0.0 1 0.8441920212500547 -1 -0.5081257738567673
306 1 0.0 1 0.8441920212500547 -1 -0.5081257738567673
307 1 0.0 1 0.8441920212500547 -1 -0.5081257738567673
308 1 0.0 1 0.8441920212500547 -1 -0.5081257738567673
309 1 0.0 1 0.8441920212500547 -1 -0.5081257738567673
310 1 0.0 1 0.8441920212500547 -1 -0.5081257738567673
311 1 0.0 1 0.8441920212500547 -1 -0.5081257738567673
312 1 0.0 1 0.8441920212500547 -1 -0.5081257738567673
313 1 0.0 1 0.8441920212500547 -1 -0.5081257738567673
314 1 0.0 1 0.8441920212500547 -1 -0.5081257738567673
315 1 0.0 1 0.8441920212500547 -1 -0.5081257738567673
316 1 0.0 1 0.8441920212500547 -1 -0.5081257738567673
317 1 0.0 1 0.8441920212500547 -1 -0.5081257738567673
318 1 0.0 1 0.8441920212500547 -1 -0.5081257738567673
319 1 0.0 1 0.8441920212500547 -1 -0.5081257738567673
320 1 0.0 1 0.8441920212500547 -1 -0.5081257738567673
321 1 0.0 1 0.8441920212500547 -1 -0.5081257738567673
322 1 0.0 1 0.8441920212500547 -1 -0.5081257738567673
323 1 0.0 1 0.8441920212500547 -1 -0.5081257738567673
324 1 0.0 1 0.8441920212500547 -1 -0.5081257738567673
325 1 0.0 1 0.8441920212500547 -1 -0.5081257738567673
326 1 0.0 1 0.8441920212500547 -1 -0.5081257738567673
327 1 0.0 1 0.8441920212500547 -1 -0.5081257738567673
328 1 0.0 1 0.8441920212500547 -1 -0.5081257738567673
329 1 0.0 1 0.8441920212500547 -1 -0.5081257738567673
330 1 0.0 1 0.8441920212500547 -1 -0.5081257738567673
331 1 0.0 1 0.8441920212500547 -1 -0.5081257738567673
332 1 0.0 1 0.8441920212500547 -1 -0.5081257738567673
333 1 0.0 1 0.8441920212500547 -1 -0.5081257738567673
334 1 0.0 1 0.8441920212500547 -1 -0.5081257738567673
335 1 0.0 1 0.8441920212500547 -1 -0.5081257738567673
336 1 0.0 1 0.8441920212500547 -1 -0.5081257738567673
337 1 0.0 1 0.8441920212500547 -1 -0.5081257738567673
338 1 0.0 1 0.8441920212500547 -1 -0.5081257738567673
339 1 0.0 1 0.8441920212500547 -1 -0.5081257738567673
340 1 0.0 1 0.8441920212500547 -1 -0.5081257738567673
341 1 0.0 1 0.8441920212500547 -1 -0.5081257738567673
342 1 0.0 1 0.8441920212500547 -1 -0.5081257738567673
343 1 0.0 1 0.8441920212500547 -1 -0.5081257738567673
344 1 0.0 1 0.8441920212500547 -1 -0.5081257738567673
345 1 0.0 1 0.8441920212500547 -1 -0.5081257738567673
346 1 0.0 1 0.8441920212500547 -1 -0.5081257738567673
347 1 0.0 1 0.8441920212500547 -1 -0.5081257738567673
348 1 0.0 1 0.8441920212500547 -1 -0.5081257738567673
349 1 0.0 1 0.8441920212500547 -1 -0.5081257738567673
350 1 0.0 1 0.8441920212500547 -1 -0.5081257738567673
351 1 0.0 1 0.8441920212500547 -1 -0.5081257738567673
352 1 0.0 1 0.8441920212500547 -1 -0.5081257738567673
353 1 0.0 1 0.8441920212500547 -1 -0.5081257738567673
354 1 0.0 1 0.8441920212500547 -1 -0.5081257738567673
355 1 0.0 1 0.8441920212500547 -1 -0.5081257738567673
356 1 0.0 1 0.8441920212500547 -1 -0.5081257738567673
357 1 0.0 1 0.8441920212500547 -1 -0.5081257738567673
358 1 0.0 1 0.8441920212500547 -1 -0.5081257738567673
359 1 0.0 1 0.8441920212500547 -1 -0.5081257738567673
360 1 0.0 1 0.8441920212500547 -1 -0.5081257738567673
361 1 0.0 1 0.8441920212500547 -1 -0.5081257738567673
362 1 0.0 1 0.8441920212500547 -1 -0.5081257738567673
363 1 0.0 1 0.8441920212500547 -1 -0.5081257738567673
364 1 0.0 1 0.8441920212500547 -1 -0.5081257738567673
365 1 0.0 1 0.8441920212500547 -1 -0.5081257738567673
366 1 0.0 1 0.8441920212500547 -1 -0.5081257738567673
367 1 0.0 1 0.8441920212500547 -1 -0.5081257738567673
368 1 0.0 1 0.8441920212500547 -1 -0.5081257738567673
369 1 0.0 1 0.8441920212500547 -1 -0.5081257738567673
370 1 0.0 1 0.8441920212500547 -1 -0.5081257738567673
371 1 0.0 1 0.8441920212500547 -1 -0.5081257738567673
372 1 0.0 1 0.8441920212500547 -1 -0.5081257738567673
373 1 0.0 1 0.8441920212500547 -1 -0.5081257738567673
374 1 0.0 1 0.8441920212500547 -1 -0.5081257738567673
375 1 0.0 1 0.8441920212500547 -1 -0.5081257738567673
376 1 0.0 1 0.8441920212500547 -1 -0.5081257738567673
377 1 0.0 1 0.8441920212500547 -1 -0.5081257738567673
378 1 0.0 1 0.8441920212500547 -1 -0.5081257738567673
379 1 0.0 1 0.8441920212500547 -1 -0.5081257738567673
380 1 0.0 1 0.8441920212500547 -1 -0.5081257738567673
381 1 0.0 1 0.8441920212500547 -1 -0.5081257738567673
382 1 0.0 1 0.8441920212500547 -1 -0.5081257738567673
383 1 0.0 1 0.8441920212500547 -1 -0.5081257738567673
384 1 0.0 1 0.8441920212500547 -1 -0.5081257738567673
385 1 0.0 1 0.8441920212500547 -1 -0.5081257738567673
386 1 0.0 1 0.8441920212500547 -1 -0.5081257738567673
387 1 0.0 1 0.8441920212500547 -1 -0.5081257738567673
388 1 0.0 1 0.8441920212500547 -1 -0.5081257738567673
389 1 0.0 1 0.8441920212500547 -1 -0.5081257738567673
390 1 0.0 1 0.8441920212500547 -1 -0.5081257738567673
391 1 0.0 1 0.8441920212500547 -1 -0.5081257738567673
392 1 0.0 1 0.8441920212500547 -1 -0.5081257738567673
393 1 0.0 1 0.8441920212500547 -1 -0.5081257738567673
394 1 0.0 1 0.8441920212500547 -1 -0.5081257738567673
395 1 0.0 1 0.8441920212500547 -1 -0.5081257738567673
396 1 0.0 1 0.8441920212500547 -1 -0.5081257738567673
397 1 0.0 1 0.8441920212500547 -1 -0.5081257738567673
398 1 0.0 1 0.8441920212500547 -1 -0.5081257738567673
399 1 0.0 1 0.8441920212500547 -1 -0.5081257738567673
400 1 0.0 1 0.8441920212500547 -1 -0.5081257738567673
401 1 0.0 1 0.8441920212500547 -1 -0.5081257738567673
402 1 0.0 1 0.8441920212500547 -1 -0.5081257738567673
403 1 0.0 1 0.8441920212500547 -1 -0.5081257738567673
404 1 0.0 1 0.8441920212500547 -1 -0.5081257738567673
405 1 0.0 1 0.8441920212500547 -1 -0.5081257738567673
406 1 0.0 1 0.8441920212500547 -1 -0.5081257738567673
407 1 0.0 1 0.8441920212500547 -1 -0.5081257738567673
408 1 0.0 1 0.8441920212500547 -1 -0.5081257738567673
409 1 0.0 1 0.8441920212500547 -1 -0.5081257738567673
410 1 0.0 1 0.8441920212500547 -1 -0.5081257738567673
411 1 0.0 1 0.8441920212500547 -1 -0.5081257738567673
412 1 0.0 1 0.8441920212500547 -1 -0.5081257738567673
413 1 0.0 1 0.8441920212500547 -1 -0.5081257738567673
414 1 0.0 1 0.8441920212500547 -1 -0.5081257738567673
415 1 0.0 1 0.8441920212500547 -1 -0.5081257738567673
416 1 0.0 1 0.8441920212500547 -1 -0.5081257738567673
417 1 0.0 1 0.8441920212500547 -1 -0.5081257738567673
418 1 0.0 1 0.8441920212500547 -1 -0.5081257738567673
419 1 0.0 1 0.8441920212500547 -1 -0.5081257738567673
420 1 0.0 1 0.8441920212500547 -1 -0.5081257738567673
421 1 0.0 1 0.8441920212500547 -1 -0.5081257738567673
422 1 0.0 1 0.8441920212500547 -1 -0.5081257738567673
423 1 0.0 1 0.8441920212500547 -1 -0.5081257738567673
424 1 0.0 1 0.8441920212500547 -1 -0.5081257738567673
425 1 0.0 1 0.8441920212500547 -1 -0.5081257738567673
426 1 0.0 1 0.8441920212500547 -1 -0.5081257738567673
427 1 0.0 1 0.8441920212500547 -1 -0.5081257738567673
428 1 0.0 1 0.8441920212500547 -1 -0.5081257738567673
429 1 0.0 1 0.8441920212500547 -1 -0.5081257738567673
430 1 0.0 1 0.8441920212500547 -1 -0.5081257738567673
431 1 0.0 1 0.8441920212500547 -1 -0.5081257738567673
432 1 0.0 1 0.8441920212500547 -1 -0.5081257738567673
433 1 0.0 1 0.8441920212500547 -1 -0.5081257738567673
434 1 0.0 1 0.8441920212500547 -1 -0.5081257738567673
435 1 0.0 1 0.8441920212500547 -1 -0.5081257738567673
436 1 0.0 1 0.8441920212500547 -1 -0.5081257738567673
437 1 0.0 1 0.8441920212500547 -1 -0.5081257738567673
438 1 0.0 1 0.8441920212500547 -1 -0.5081257738567673
439 1 0.0 1 0.8441920212500547 -1 -0.5081257738567673
440 1 0.0 1 0.8441920212500547 -1 -0.5081257738567673
441 1 0.0 1 0.8441920212500547 -1 -0.5081257738567673
442 1 0.0 1 0.8441920212500547 -1 -0.5081257738567673
443 1 0.0 1 0.8441920212500547 -1 -0.5081257738567673
444 1 0.0 1 0.8441920212500547 -1 -0.5081257738567673
445 1 0.0 1 0.8441920212500547 -1 -0.5081257738567673
446 1 0.0 1 0.8441920212500547 -1 -0.5081257738567673
447 1 0.0 1 0.8441920212500547 -1 -0.5081257738567673
448 1 0.0 1 0.8441920212500547 -1 -0.5081257738567673
449 1 0.0 1 0.8441920212500547 -1 -0.5081257738567673
450 1 0.0 1 0.8441920212500547 -1 -0.5081257738567673
451 1 0.0 1 0.8441920212500547 -1 -0.5081257738567673
452 1 0.0 1 0.8441920212500547 -1 -0.5081257738567673
453 1 0.0 1 0.8441920212500547 -1 -0.5081257738567673
454 1 0.0 1 0.8441920212500547 -1 -0.5081257738567673
455 1 0.0 1 0.8441920212500547 -1 -0.5081257738567673
456 1 0.0 1 0.8441920212500547 -1 -0.5081257738567673
457 1 0.0 1 0.8441920212500547 -1 -0.5081257738567673
458 1 0.0 1 0.8441920212500547 -1 -0.5081257738567673
459 1 0.0 1 0.8441920212500547 -1 -0.5081257738567673
460 1 0.0 1 0.8441920212500547 -1 -0.5081257738567673
461 1 0.0 1 0.8441920212500547 -1 -0.5081257738567673
462 1 0.0 1 0.8441920212500547 -1 -0.5081257738567673
463 1 0.0 1 0.8441920212500547 -1 -0.5081257738567673
464 1 0.0 1 0.8441920212500547 -1 -0.5081257738567673
465 1 0.0 1 0.8441920212500547 -1 -0.5081257738567673
466 1 0.0 1 0.8441920212500547 -1 -0.5081257738567673
467 1 0.0 1 0.8441920212500547 -1 -0.5081257738567673
468 1 0.0 1 0.8441920212500547 -1 -0.5081257738567673
469 1 0.0 1 0.8441920212500547 -1 -0.5081257738567673
470 1 0.0 1 0.8441920212500547 -1 -0.5081257738567673
471 1 0.0 1 0.8441920212500547 -1 -0.5081257738567673
472 1 0.0 1 0.8441920212500547 -1 -0.5081257738567673
473 1 0.0 1 0.8441920212500547 -1 -0.5081257738567673
474 1 0.0 1 0.8441920212500547 -1 -0.5081257738567673
475 1 0.0 1 0.8441920212500547 -1 -0.5081257738567673
476 1 0.0 1 0.8441920212500547 -1 -0.5081257738567673
477 1 0.0 1 0.8441920212500547 -1 -0.5081257738567673
478 1 0.0 1 0.8441920212500547 -1 -0.5081257738567673
479 1 0.0 1 0.8441920212500547 -1 -0.5081257738567673
480 1 0.0 1 0.8441920212500547 -1 -0.5081257738567673
481 1 0.0 1 0.8441920212500547 -1 -0.5081257738567673
482 1 0.0 1 0.8441920212500547 -1 -0.5081257738567673
483 1 0.0 1 0.8441920212500547 -1 -0.5081257738567673
484 1 0.0 1 0.8441920212500547 -1 -0.5081257738567673
485 1 0.0 1 0.8441920212500547 -1 -0.5081257738567673
486 1 0.0 1 0.8441920212500547 -1 -0.5081257738567673
487 1 0.0 1 0.8441920212500547 -1 -0.5081257738567673
488 1 0.0 1 0.8441920212500547 -1 -0.5081257738567673
489 1 0.0 1 0.8441920212500547 -1 -0.5081257738567673
490 1 0.0 1 0.8441920212500547 -1 -0.5081257738567673
491 1 0.0 1 0.8441920212500547 -1 -0.5081257738567673
492 1 0.0 1 0.8441920212500547 -1 -0.5081257738567673
493 1 0.0 1 0.8441920212500547 -1 -0.5081257738567673
494 1 0.0 1 0.8441920212500547 -1 -0.5081257738567673
495 1 0.0 1 0.8441920212500547 -1 -0.5081257738567673
496 1 0.0 1 0.8441920212500547 -1 -0.5081257738567673
497 1 0.0 1 0.8441920212500547 -1 -0.5081257738567673
498 1 0.0 1 0.8441920212500547 -1 -0.5081257738567673
499 1 0.0 1 0.8441920212500547 -1 -0.5081257738567673
500 1 0.0 1 0.8441920212500547 -1 -0.5081257738567673
501 1 0.0 1 0.8441920212500547 -1 -0.5081257738567673
502 1 0.0 1 0.8441920212500547 -1 -0.5081257738567673
503 1 0.0 1 0.8441920212500547 -1 -0.5081257738567673
504 1 0.0 1 0.8441920212500547 -1 -0.5081257738567673
505 1 0.0 1 0.8441920212500547 -1 -0.5081257738567673
506 1 0.0 1 0.8441920212500547 -1 -0.5081257738567673
507 1 0.0 1 0.8441920212500547 -1 -0.5081257738567673
508 1 0.0 1 0.8441920212500547 -1 -0.5081257738567673
509 1 0.0 1 0.8441920212500547 -1 -0.5081257738567673
510 1 0.0 1 0.8441920212500547 -1 -0.5081257738567673
511 1 0.0 1 0.8441920212500547 -1 -0.5081257738567673
512 1 0.0 1 0.8441920212500547 -1 -0.5081257738567673
513 1 0.0 1 0.8441920212500547 -1 -0.5081257738567673
514 1 0.0 1 0.8441920212500547 -1 -0.5081257738567673
515 1 0.0 1 0.8441920212500547 -1 -0.5081257738567673
516 1 0.0 1 0.8441920212500547 -1 -0.5081257738567673
517 1 0.0 1 0.8441920212500547 -1 -0.5081257738567673
518 1 0.0 1 0.8441920212500547 -1 -0.5081257738567673
519 1 0.0 1 0.8441920212500547 -1 -0.5081257738567673
520 1 0.0 1 0.8441920212500547 -1 -0.5081257738567673
521 1 0.0 1 0.8441920212500547 -1 -0.5081257738567673
522 1 0.0 1 0.8441920212500547 -1 -0.5081257738567673
523 1 0.0 1 0.8441920212500547 -1 -0.5081257738567673
524 1 0.0 1 0.8441920212500547 -1 -0.5081257738567673
525 1 0.0 1 0.8441920212500547 -1 -0.5081257738567673
526 1 0.0 1 0.8441920212500547 -1 -0.5081257738567673
527 1 0.0 1 0.8441920212500547 -1 -0.5081257738567673
528 1 0.0 1 0.8441920212500547 -1 -0.5081257738567673
529 1 0.0 1 0.8441920212500547 -1 -0.5081257738567673
530 1 0.0 1 0.8441920212500547 -1 -0.5081257738567673
531 1 0.0 1 0.8441920212500547 -1 -0.5081257738567673
532 1 0.0 1 0.8441920212500547 -1 -0.5081257738567673
533 1 0.0 1 0.8441920212500547 -1 -0.5081257738567673
534 1 0.0 1 0.8441920212500547 -1 -0.5081257738567673
535 1 0.0 1 0.8441920212500547 -1 -0.5081257738567673
536 1 0.0 1 0.8441920212500547 -1 -0.5081257738567673
537 1 0.0 1 0.8441920212500547 -1 -0.5081257738567673
538 1 0.0 1 0.8441920212500547 -1 -0.5081257738567673
539 1 0.0 1 0.8441920212500547 -1 -0.5081257738567673
540 1 0.0 1 0.8441920212500547 -1 -0.5081257738567673
541 1 0.0 1 0.8441920212500547 -1 -0.5081257738567673
542 1 0.0 1 0.8441920212500547 -1 -0.5081257738567673
543 1 0.0 1 0.8441920212500547 -1 -0.5081257738567673
544 1 0.0 1 0.8441920212500547 -1 -0.5081257738567673
545 1 0.0 1 0.8441920212500547 -1 -0.5081257738567673
546 1 0.0 1 0.8441920212500547 -1 -0.5081257738567673
547 1 0.0 1 0.8441920212500547 -1 -0.5081257738567673
548 1 0.0 1 0.8441920212500547 -1 -0.5081257738567673
549 1 0.0 1 0.8441920212500547 -1 -0.5081257738567673
550 1 0.0 1 0.8441920212500547 -1 -0.5081257738567673
551 1 0.0 1 0.8441920212500547 -1 -0.5081257738567673
552 1 0.0 1 0.8441920212500547 -1 -0.5081257738567673
553 1 0.0 1 0.8441920212500547 -1 -0.5081257738567673
554 1 0.0 1 0.8441920212500547 -1 -0.5081257738567673
555 1 0.0 1 0.8441920212500547 -1 -0.5081257738567673
556 1 0.0 1 0.8441920212500547 -1 -0.5081257738567673
557 1 0.0 1 0.8441920212500547 -1 -0.5081257738567673
558 1 0.0 1 0.8441920212500547 -1 -0.5081257738567673
559 1 0.0 1 0.8441920212500547 -1 -0.5081257738567673
560 1 0.0 1 0.8441920212500547 -1 -0.5081257738567673
561 1 0.0 1 0.8441920212500547 -1 -0.5081257738567673
562 1 0.0 1 0.8441920212500547 -1 -0.5081257738567673
563 1 0.0 1 0.8441920212500547 -1 -0.5081257738567673
564 1 0.0 1 0.8441920212500547 -1 -0.5081257738567673
565 1 0.0 1 0.8441920212500547 -1 -0.5081257738567673
566 1 0.0 1 0.8441920212500547 -1 -0.5081257738567673
567 1 0.0 1 0.8441920212500547 -1 -0.5081257738567673
568 1 0.0 1 0.8441920212500547 -1 -0.5081257738567673
569 1 0.0 1 0.8441920212500547 -1 -0.5081257738567673
570 1 0.0 1 0.8441920212500547 -1 -0.5081257738567673
571 1 0.0 1 0.8441920212500547 -1 -0.5081257738567673
572 1 0.0 1 0.8441920212500547 -1 -0.5081257738567673
573 1 0.0 1 0.8441920212500547 -1 -0.5081257738567673
574 1 0.0 1 0.8441920212500547 -1 -0.5081257738567673
575 1 0.0 1 0.8441920212500547 -1 -0.5081257738567673
576 1 0.0 1 0.8441920212500547 -1 -0.5081257738567673
577 1 0.0 1 0.8441920212500547 -1 -0.5081257738567673
578 1 0.0 1 0.8441920212500547 -1 -0.5081257738567673
579 1 0.0 1 0.8441920212500547 -1 -0.5081257738567673
580 1 0.0 1 0.8441920212500547 -1 -0.5081257738567673
581 1 0.0 1 0.8441920212500547 -1 -0.5081257738567673
582 1 0.0 1 0.8441920212500547 -1 -0.5081257738567673
583 1 0.0 1 0.8441920212500547 -1 -0.5081257738567673
584 1 0.0 1 0.8441920212500547 -1 -0.5081257738567673
585 1 0.0 1 0.8441920212500547 -1 -0.5081257738567673
586 1 0.0 1 0.8441920212500547 -1 -0.5081257738567673
587 1 0.0 1 0.8441920212500547 -1 -0.5081257738567673
588 1 0.0 1 0.8441920212500547 -1 -0.5081257738567673
589 1 0.0 1 0.8441920212500547 -1 -0.5081257738567673
590 1 0.0 1 0.8441920212500547 -1 -0.5081257738567673
591 1 0.0 1 0.8441920212500547 -1 -0.5081257738567673
592 1 0.0 1 0.8441920212500547 -1 -0.5081257738567673
593 1 0.0 1 0.8441920212500547 -1 -0.5081257738567673
594 1 0.0 1 0.8441920212500547 -1 -0.5081257738567673
595 1 0.0 1 0.8441920212500547 -1 -0.5081257738567673
596 1 0.0 1 0.8441920212500547 -1 -0.5081257738567673
597 1 0.0 1 0.8441920212500547 -1 -0.5081257738567673
598 1 0.0 1 0.8441920212500547 -1 -0.5081257738567673
599 1 0.0 1 0.8441920212500547 -1 -0.5081257738567673
600 1 0.0 1 0.8441920212500547 -1 -0.5081257738567673
601 1 0.0 1 0.8441920212500547 -1 -0.5081257738567673
602 1 0.0 1 0.8441920212500547 -1 -0.5081257738567673
603 1 0.0 1 0.8441920212500547 -1 -0.5081257738567673
604 1 0.0 1 0.8441920212500547 -1 -0.5081257738567673
605 1 0.0 1 0.8441920212500547 -1 -0.5081257738567673
606 1 0.0 1 0.8441920212500547 -1 -0.5081257738567673
607 1 0.0 1 0.8441920212500547 -1 -0.5081257738567673
608 1 0.0 1 0.8441920212500547 -1 -0.5081257738567673
609 1 0.0 1 0.8441920212500547 -1 -0.5081257738567673
610 1 0.0 1 0.8441920212500547 -1 -0.5081257738567673
611 1 0.0 1 0.8441920212500547 -1 -0.5081257738567673
612 1 0.0 1 0.8441920212500547 -1 -0.5081257738567673
613 1 0.0 1 0.8441920212500547 -1 -0.5081257738567673
614 1 0.0 1 0.8441920212500547 -1 -0.5081257738567673
615 1 0.0 1 0.8441920212500547 -1 -0.5081257738567673
616 1 0.0 1 0.8441920212500547 -1 -0.5081257738567673
617 1 0.0 1 0.8441920212500547 -1 -0.5081257738567673
618 1 0.0 1 0.8441920212500547 -1 -0.5081257738567673
619 1 0.0 1 0.8441920212500547 -1 -0.5081257738567673
620 1 0.0 1 0.8441920212500547 -1 -0.5081257738567673
621 1 0.0 1 0.8441920212500547 -1 -0.5081257738567673
622 1 0.0 1 0.8441920212500547 -1 -0.5081257738567673
623 1 0.0 1 0.8441920212500547 -1 -0.5081257738567673
624 1 0.0 1 0.8441920212500547 -1 -0.5081257738567673
625 1 0.0 1 0.8441920212500547 -1 -0.5081257738567673
626 1 0.0 1 0.8441920212500547 -1 -0.5081257738567673
627 1 0.0 1 0.8441920212500547 -1 -0.5081257738567673
628 1 0.0 1 0.8441920212500547 -1 -0.5081257738567673
629 1 0.0 1 0.8441920212500547 -1 -0.5081257738567673
630 1 0.0 1 0.8441920212500547 -1 -0.5081257738567673
631 1 0.0 1 0.8441920212500547 -1 -0.5081257738567673
632 1 0.0 1 0.8441920212500547 -1 -0.5081257738567673
633 1 0.0 1 0.8441920212500547 -1 -0.5081257738567673
634 1 0.0 1 0.8441920212500547 -1 -0.5081257738567673
635 1 0.0 1 0.8441920212500547 -1 -0.5081257738567673
636 1 0.0 1 0.8441920212500547 -1 -0.5081257738567673
637 1 0.0 1 0.8441920212500547 -1 -0.5081257738567673
638 1 0.0 1 0.8441920212500547 -1 -0.5081257738567673
639 1 0.0 1 0.8441920212500547 -1 -0.5081257738567673
640 1 0.0 1 0.8441920212500547 -1 -0.5081257738567673
641 1 0.0 1 0.8441920212500547 -1 -0.5081257738567673
642 1 0.0 1 0.8441920212500547 -1 -0.5081257738567673
643 1 0.0 1 0.8441920212500547 -1 -0.5081257738567673
644 1 0.0 1 0.8441920212500547 -1 -0.5081257738567673
645 1 0.0 1 0.8441920212500547 -1 -0.5081257738567673
646 1 0.0 1 0.8441920212500547 -1 -0.5081257738567673
647 1 0.0 1 0.8441920212500547 -1 -0.5081257738567673
648 1 0.0 1 0.8441920212500547 -1 -0.5081257738567673
649 1 0.0 1 0.8441920212500547 -1 -0.5081257738567673
650 1 0.0 1 0.8441920212500547 -1 -0.5081257738567673
651 1 0.0 1 0.8441920212500547 -1 -0.5081257738567673
652 1 0.0 1 0.8441920212500547 -1 -0.5081257738567673
653 1 0.0 1 0.8441920212500547 -1 -0.5081257738567673
654 1 0.0 1 0.8441920212500547 -1 -0.5081257738567673
655 1 0.0 1 0.8441920212500547 -1 -0.5081257738567673
656 1 0.0 1 0.8441920212500547 -1 -0.5081257738567673
657 1 0.0 1 0.8441920212500547 -1 -0.5081257738567673
658 1 0.0 1 0.8441920212500547 -1 -0.5081257738567673
659 1 0.0 1 0.8441920212500547 -1 -0.5081257738567673
660 1 0.0 1 0.8441920212500547 -1 -0.5081257738567673
661 1 0.0 1 0.8441920212500547 -1 -0.5081257738567673
662 1 0.0 1 0.8441920212500547 -1 -0.5081257738567673
663 1 0.0 1 0.8441920212500547 -1 -0.5081257738567673
664 1 0.0 1 0.8441920212500547 -1 -0.5081257738567673
665 1 0.0 1 0.8441920212500547 -1 -0.5081257738567673
666 1 0.0 1 0.8441920212500547 -1 -0.5081257738567673
667 1 0.0 1 0.8441920212500547 -1 -0.5081257738567673
668 1 0.0 1 0.8441920212500547 -1 -0.5081257738567673
669 1 0.0 1 0.8441920212500547 -1 -0.5081257738567673
670 1 0.0 1 0.8441920212500547 -1 -0.5081257738567673
671 1 0.0 1 0.8441920212500547 -1 -0.5081257738567673
672 1 0.0 1 0.8441920212500547 -1 -0.5081257738567673
673 1 0.0 1 0.8441920212500547 -1 -0.5081257738567673
674 1 0.0 1 0.8441920212500547 -1 -0.5081257738567673
675 1 0.0 1 0.8441920212500547 -1 -0.5081257738567673
676 1 0.0 1 0.8441920212500547 -1 -0.5081257738567673
677 1 0.0 1 0.8441920212500547 -1 -0.5081257738567673
678 1 0.0 1 0.8441920212500547 -1 -0.5081257738567673
679 1 0.0 1 0.8441920212500547 -1 -0.5081257738567673
680 1 0.0 1 0.8441920212500547 -1 -0.5081257738567673
681 1 0.0 1 0.8441920212500547 -1 -0.5081257738567673
682 1 0.0 1 0.8441920212500547 -1 -0.5081257738567673
683 1 0.0 1 0.8441920212500547 -1 -0.5081257738567673
684 1 0.0 1 0.8441920212500547 -1 -0.5081257738567673
685 1 0.0 1 0.8441920212500547 -1 -0.5081257738567673
686 1 0.0 1 0.8441920212500547 -1 -0.5081257738567673
687 1 0.0 1 0.8441920212500547 -1 -0.5081257738567673
688 1 0.0 1 0.8441920212500547 -1 -0.5081257738567673
689 1 0.0 1 0.8441920212500547 -1 -0.5081257738567673
690 1 0.0 1 0.8441920212500547 -1 -0.5081257738567673
691 1 0.0 1 0.8441920212500547 -1 -0.5081257738567673
692 1 0.0 1 0.8441920212500547 -1 -0.5081257738567673
693 1 0.0 1 0.8441920212500547 -1 -0.5081257738567673
694 1 0.0 1 0.8441920212500547 -1 -0.5081257738567673
695 1 0.0 1 0.8441920212500547 -1 -0.5081257738567673
696 1 0.0 1 0.8441920212500547 -1 -0.5081257738567673
697 1 0.0 1 0.8441920212500547 -1 -0.5081257738567673
698 1 0.0 1 0.8441920212500547 -1 -0.5081257738567673
699 1 0.0 1 0.8441920212500547 -1 -0.5081257738567673
700 1 0.0 1 0.8441920212500547 -1 -0.5081257738567673
701 1 0.0 1 0.8441920212500547 -1 -0.5081257738567673
702 1 0.0 1 0.8441920212500547 -1 -0.5081257738567673
703 1 0.0 1 0.8441920212500547 -1 -0.5081257738567673
704 1 0.0 1 0.8441920212500547 -1 -0.5081257738567673
705 1 0.0 1 0.8441920212500547 -1 -0.5081257738567673
706 1 0.0 1 0.8441920212500547 -1 -0.5081257738567673
707 1 0.0 1 0.8441920212500547 -1 -0.5081257738567673
708 1 0.0 1 0.8441920212500547 -1 -0.5081257738567673
709 1 0.0 1 0.8441920212500547 -1 -0.5081257738567673
710 1 0.0 1 0.8441920212500547 -1 -0.5081257738567673
711 1 0.0 1 0.8441920212500547 -1 -0.5081257738567673
712 1 0.0 1 0.8441920212500547 -1 -0.5081257738567673
713 1 0.0 1 0.8441920212500547 -1 -0.5081257738567673
714 1 0.0 1 0.8441920212500547 -1 -0.5081257738567673
715 1 0.0 1 0.8441920212500547 -1 -0.5081257738567673
716 1 0.0 1 0.8441920212500547 -1 -0.5081257738567673
717 1 0.0 1 0.8441920212500547 -1 -0.5081257738567673
718 1 0.0 1 0.8441920212500547 -1 -0.5081257738567673
719 1 0.0 1 0.8441920212500547 -1 -0.5081257738567673
720 1 0.0 1 0.8441920212500547 -1 -0.5081257738567673
721 1 0.0 1 0.8441920212500547 -1 -0.5081257738567673
722 1 0.0 1 0.8441920212500547 -1 -0.5081257738567673
723 1 0.0 1 0.8441920212500547 -1 -0.5081257738567673
724 1 0.0 1 0.8441920212500547 -1 -0.5081257738567673
725 1 0.0 1 0.8441920212500547 -1 -0.5081257738567673
726 1 0.0 1 0.8441920212500547 -1 -0.5081257738567673
727 1 0.0 1 0.8441920212500547 -1 -0.5081257738567673
728 1 0.0 1 0.8441920212500547 -1 -0.5081257738567673
729 1 0.0 1 0.8441920212500547 -1 -0.5081257738567673
730 1 0.0 1 0.8441920212500547 -1 -0.5081257738567673
731 1 0.0 1 0.8441920212500547 -1 -0.5081257738567673
732 1 0.0 1 0.8441920212500547 -1 -0.5081257738567673
733 1 0.0 1 0.8441920212500547 -1 -0.5081257738567673
734 1 0.0 1 0.8441920212500547 -1 -0.5081257738567673
735 1 0.0 1 0.8441920212500547 -1 -0.5081257738567673
736 1 0.0 1 0.8441920212500547 -1 -0.5081257738567673
737 1 0.0 1 0.8441920212500547 -1 -0.5081257738567673
738 1 0.0 1 0.8441920212500547 -1 -0.5081257738567673
739 1 0.0 1 0.8441920212500547 -1 -0.5081257738567673
740 1 0.0 1 0.8441920212500547 -1 -0.5081257738567673
741 1 0.0 1 0.8441920212500547 -1 -0.5081257738567673
742 1 0.0 1 0.8441920212500547 -1 -0.5081257738567673
743 1 0.0 1 0.8441920212500547 -1 -0.5081257738567673
744 1 0.0 1 0.8441920212500547 -1 -0.5081257738567673
745 1 0.0 1 0.8441920212500547 -1 -0.5081257738567673
746 1 0.0 1 0.8441920212500547 -1 -0.5081257738567673
747 1 0.0 1 0.8441920212500547 -1 -0.5081257738567673
748 1 0.0 1 0.8441920212500547 -1 -0.5081257738567673
749 1 0.0 1 0.8441920212500547 -1 -0.5081257738567673
750 1 0.0 1 0.8441920212500547 -1 -0.5081257738567673
751 1 0.0 1 0.8441920212500547 -1 -0.5081257738567673
752 1 0.0 1 0.8441920212500547 -1 -0.5081257738567673
753 1 0.0 1 0.8441920212500547 -1 -0.5081257738567673
754 1 0.0 1 0.8441920212500547 -1 -0.5081257738567673
755 1 0.0 1 0.8441920212500547 -1 -0.5081257738567673
756 1 0.0 1 0.8441920212500547 -1 -0.5081257738567673
757 1 0.0 1 0.8441920212500547 -1 -0.5081257738567673
758 1 0.0 1 0.8441920212500547 -1 -0.5081257738567673
759 1 0.0 1 0.8441920212500547 -1 -0.5081257738567673
760 1 0.0 1 0.8441920212500547 -1 -0.5081257738567673
761 1 0.0 1 0.8441920212500547 -1 -0.5081257738567673
762 1 0.0 1 0.8441920212500547 -1 -0.5081257738567673
763 1 0.0 1 0.8441920212500547 -1 -0.5081257738567673
764 1 0.0 1 0.8441920212500547 -1 -0.5081257738567673
765 1 0.0 1 0.8441920212500547 -1 -0.5081257738567673
766 1 0.0 1 0.8441920212500547 -1 -0.5081257738567673
767 1 0.0 1 0.8441920212500547 -1 -0.5081257738567673
768 1 0.0 1 0.8441920212500547 -1 -0.5081257738567673
769 1 0.0 1 0.8441920212500547 -1 -0.5081257738567673
770 1 0.0 1 0.8441920212500547 -1 -0.5081257738567673
771 1 0.0 1 0.8441920212500547 -1 -0.5081257738567673
772 1 0.0 1 0.8441920212500547 -1 -0.5081257738567673
773 1 0.0 1 0.8441920212500547 -1 -0.5081257738567673
774 1 0.0 1 0.8441920212500547 -1 -0.5081257738567673
775 1 0.0 1 0.8441920212500547 -1 -0.5081257738567673
776 1 0.0 1 0.8441920212500547 -1 -0.5081257738567673
777 1 0.0 1 0.8441920212500547 -1 -0.5081257738567673
778 1 0.0 1 0.8441920212500547 -1 -0.5081257738567673
779 1 0.0 1 0.8441920212500547 -1 -0.5081257738567673
780 1 0.0 1 0.8441920212500547 -1 -0.5081257738567673
781 1 0.0 1 0.8441920212500547 -1 -0.5081257738567673
782 1 0.0 1 0.8441920212500547 -1 -0.5081257738567673
783 1 0.0 1 0.8441920212500547 -1 -0.5081257738567673
784 1 0.0 1 0.8441920212500547 -1 -0.5081257738567673
785 1 0.0 1 0.8441920212500547 -1 -0.5081257738567673
786 1 0.0 1 0.8441920212500547 -1 -0.5081257738567673
787 1 0.0 1 0.8441920212500547 -1 -0.5081257738567673
788 1 0.0 1 0.8441920212500547 -1 -0.5081257738567673
789 1 0.0 1 0.8441920212500547 -1 -0.5081257738567673
790 1 0.0 1 0.8441920212500547 -1 -0.5081257738567673
791 1 0.0 1 0.8441920212500547 -1 -0.5081257738567673
792 1 0.0 1 0.8441920212500547 -1 -0.5081257738567673
793 1 0.0 1 0.8441920212500547 -1 -0.5081257738567673
794 1 0.0 1 0.8441920212500547 -1 -0.5081257738567673
795 1 0.0 1 0.8441920212500547 -1 -0.5081257738567673
796 1 0.0 1 0.8441920212500547 -1 -0.5081257738567673
797 1 0.0 1 0.8441920212500547 -1 -0.5081257738567673
798 1 0.0 1 0.8441920212500547 -1 -0.5081257738567673
799 1 0.0 1 0.8441920212500547 -1 -0.5081257738567673
800 1 0.0 1 0.8441920212500547 -1 -0.5081257738567673
801 1 0.0 1 0.8441920212500547 -1 -0.5081257738567673
802 1 0.0 1 0.8441920212500547 -1 -0.5081257738567673
803 1 0.0 1 0.8441920212500547 -1 -0.5081257738567673
804 1 0.0 1 0.8441920212500547 -1 -0.5081257738567673
805 1 0.0 1 0.8441920212500547 -1 -0.5081257738567673
806 1 0.0 1 0.8441920212500547 -1 -0.5081257738567673
807 1 0.0 1 0.8441920212500547 -1 -0.5081257738567673
808 1 0.0 1 0.8441920212500547 -1 -0.5081257738567673
809 1 0.0 1 0.8441920212500547 -1 -0.5081257738567673
810 1 0.0 1 0.8441920212500547 -1 -0.5081257738567673
811 1 0.0 1 0.8441920212500547 -1 -0.5081257738567673
812 1 0.0 1 0.8441920212500547 -1 -0.5081257738567673
813 1 0.0 1 0.8441920212500547 -1 -0.5081257738567673
814 1 0.0 1 0.8441920212500547 -1 -0.5081257738567673
815 1 0.0 1 0.8441920212500547 -1 -0.5081257738567673
816 1 0.0 1 0.8441920212500547 -1 -0.5081257738567673
817 1 0.0 1 0.8441920212500547 -1 -0.5081257738567673
818 1 0.0 1 0.8441920212500547 -1 -0.5081257738567673
819 1 0.0 1 0.8441920212500547 -1 -0.5081257738567673
820 1 0.0 1 0.8441920212500547 -1 -0.5081257738567673
821 1 0.0 1 0.8441920212500547 -1 -0.5081257738567673
822 1 0.0 1 0.8441920212500547 -1 -0.5081257738567673
823 1 0.0 1 0.8441920212500547 -1 -0.5081257738567673
824 1 0.0 1 0.8441920212500547 -1 -0.5081257738567673
825 1 0.0 1 0.8441920212500547 -1 -0.5081257738567673
826 1 0.0 1 0.8441920212500547 -1 -0.5081257738567673
827 1 0.0 1 0.8441920212500547 -1 -0.5081257738567673
828 1 0.0 1 0.8441920212500547 -1 -0.5081257738567673
829 1 0.0 1 0.8441920212500547 -1 -0.5081257738567673
830 1 0.0 1 0.8441920212500547 -1 -0.5081257738567673
831 1 0.0 1 0.8441920212500547 -1 -0.5081257738567673
832 1 0.0 1 0.8441920212500547 -1 -0.5081257738567673
833 1 0.0 1 0.8441920212500547 -1 -0.5081257738567673
834 1 0.0 1 0.8441920212500547 -1 -0.5081257738567673
835 1 0.0 1 0.8441920212500547 -1 -0.5081257738567673
836 1 0.0 1 0.8441920212500547 -1 -0.5081257738567673
837 1 0.0 1 0.8441920212500547 -1 -0.5081257738567673
838 1 0.0 1 0.8441920212500547 -1 -0.5081257738567673
839 1 0.0 1 0.8441920212500547 -1 -0.5081257738567673
840 1 0.0 1 0.8441920212500547 -1 -0.5081257738567673
841 1 0.0 1 0.8441920212500547 -1 -0.5081257738567673
842 1 0.0 1 0.8441920212500547 -1 -0.5081257738567673
843 1 0.0 1 0.8441920212500547 -1 -0.5081257738567673
844 1 0.0 1 0.8441920212500547 -1 -0.5081257738567673
845 1 0.0 1 0.8441920212500547 -1 -0.5081257738567673
846 1 0.0 1 0.8441920212500547 -1 -0.5081257738567673
847 1 0.0 1 0.8441920212500547 -1 -0.5081257738567673
848 1 0.0 1 0.8441920212500547 -1 -0.5081257738567673
849 1 0.0 1 0.8441920212500547 -1 -0.5081257738567673
850 1 0.0 1 0.8441920212500547 -1 -0.5081257738567673
851 1 0.0 1 0.8441920212500547 -1 -0.5081257738567673
852 1 0.0 1 0.8441920212500547 -1 -0.5081257738567673
853 1 0.0 1 0.8441920212500547 -1 -0.5081257738567673
854 1 0.0 1 0.8441920212500547 -1 -0.5081257738567673
855 1 0.0 1 0.8441920212500547 -1 -0.5081257738567673
856 1 0.0 1 0.8441920212500547 -1 -0.5081257738567673
857 1 0.0 1 0.8441920212500547 -1 -0.5081257738567673
858 1 0.0 1 0.8441920212500547 -1 -0.5081257738567673
859 1 0.0 1 0.8441920212500547 -1 -0.5081257738567673
860 1 0.0 1 0.8441920212500547 -1 -0.5081257738567673
861 1 0.0 1 0.8441920212500547 -1 -0.5081257738567673
862 1 0.0 1 0.8441920212500547 -1 -0.5081257738567673
863 1 0.0 1 0.8441920212500547 -1 -0.5081257738567673
864 1 0.0 1 0.8441920212500547 -1 -0.5081257738567673
865 1 0.0 1 0.8441920212500547 -1 -0.5081257738567673
866 1 0.0 1 0.8441920212500547 -1 -0.5081257738567673
867 1 0.0 1 0.8441920212500547 -1 -0.5081257738567673
868 1 0.0 1 0.8441920212500547 -1 -0.5081257738567673
869 1 0.0 1 0.8441920212500547 -1 -0.5081257738567673
870 1 0.0 1 0.8441920212500547 -1 -0.5081257738567673
871 1 0.0 1 0.8441920212500547 -1 -0.5081257738567673
872 1 0.0 1 0.8441920212500547 -1 -0.5081257738567673
873 1 0.0 1 0.8441920212500547 -1 -0.5081257738567673
874 1 0.0 1 0.8441920212500547 -1 -0.5081257738567673
875 1 0.0 1 0.8441920212500547 -1 -0.5081257738567673
876 1 0.0 1 0.8441920212500547 -1 -0.5081257738567673
877 1 0.0 1 0.8441920212500547 -1 -0.5081257738567673
878 1 0.0 1 0.8441920212500547 -1 -0.5081257738567673
879 1 0.0 1 0.8441920212500547 -1 -0.5081257738567673
880 1 0.0 1 0.8441920212500547 -1 -0.5081257738567673
881 1 0.0 1 0.8441920212500547 -1 -0.5081257738567673
882 1 0.0 1 0.8441920212500547 -1 -0.5081257738567673
883 1 0.0 1 0.8441920212500547 -1 -0.5081257738567673
884 1 0.0 1 0.8441920212500547 -1 -0.5081257738567673
885 1 0.0 1 0.8441920212500547 -1 -0.5081257738567673
886 1 0.0 1 0.8441920212500547 -1 -0.5081257738567673
887 1 0.0 1 0.8441920212500547 -1 -0.5081257738567673
888 1 0.0 1 0.8441920212500547 -1 -0.5081257738567673
889 1 0.0 1 0.8441920212500547 -1 -0.5081257738567673
890 1 0.0 1 0.8441920212500547 -1 -0.5081257738567673
891 1 0.0 1 0.8441920212500547 -1 -0.5081257738567673
892 1 0.0 1 0.8441920212500547 -1 -0.5081257738567673
893 1 0.0 1 0.8441920212500547 -1 -0.5081257738567673
894 1 0.0 1 0.8441920212500547 -1 -0.5081257738567673
895 1 0.0 1 0.8441920212500547 -1 -0.5081257738567673
896 1 0.0 1 0.8441920212500547 -1 -0.5081257738567673
897 1 0.0 1 0.8441920212500547 -1 -0.5081257738567673
898 1 0.0 1 0.8441920212500547 -1 -0.5081257738567673
899 1 0.0 1 0.8441920212500547 -1 -0.5081257738567673
900 1 0.0 1 0.8441920212500547 -1 -0.5081257738567673
901 1 0.0 1 0.8441920212500547 -1 -0.5081257738567673
902 1 0.0 1 0.8441920212500547 -1 -0.5081257738567673
903 1 0.0 1 0.8441920212500547 -1 -0.5081257738567673
904 1 0.0 1 0.8441920212500547 -1 -0.5081257738567673
905 1 0.0 1 0.8441920212500547 -1 -0.5081257738567673
906 1 0.0 1 0.8441920212500547 -1 -0.5081257738567673
907 1 0.0 1 0.8441920212500547 -1 -0.5081257738567673
908 1 0.0 1 0.8441920212500547 -1 -0.5081257738567673
909 1 0.0 1 0.8441920212500547 -1 -0.5081257738567673
910 1 0.0 1 0.8441920212500547 -1 -0.5081257738567673
911 1 0.0 1 0.8441920212500547 -1 -0.5081257738567673
912 1 0.0 1 0.8441920212500547 -1 -0.5081257738567673
913 1 0.0 1 0.8441920212500547 -1 -0.5081257738567673
914 1 0.0 1 0.8441920212500547 -1 -0.5081257738567673
915 1 0.0 1 0.8441920212500547 -1 -0.5081257738567673
916 1 0.0 1 0.8441920212500547 -1 -0.5081257738567673
917 1 0.0 1 0.8441920212500547 -1 -0.5081257738567673
918 1 0.0 1 0.8441920212500547 -1 -0.5081257738567673
919 1 0.0 1 0.8441920212500547 -1 -0.5081257738567673
920 1 0.0 1 0.8441920212500547 -1 -0.5081257738567673
921 1 0.0 1 0.8441920212500547 -1 -0.5081257738567673
922 1 0.0 1 0.8441920212500547 -1 -0.5081257738567673
923 1 0.0 1 0.8441920212500547 -1 -0.5081257738567673
924 1 0.0 1 0.8441920212500547 -1 -0.5081257738567673
925 1 0.0 1 0.8441920212500547 -1 -0.5081257738567673
926 1 0.0 1 0.8441920212500547 -1 -0.5081257738567673
927 1 0.0 1 0.8441920212500547 -1 -0.5081257738567673
928 1 0.0 1 0.8441920212500547 -1 -0.5081257738567673
929 1 0.0 1 0.8441920212500547 -1 -0.5081257738567673
930 1 0.0 1 0.8441920212500547 -1 -0.5081257738567673
931 1 0.0 1 0.8441920212500547 -1 -0.5081257738567673
932 1 0.0 1 0.8441920212500547 -1 -0.5081257738567673
933 1 0.0 1 0.8441920212500547 -1 -0.5081257738567673
934 1 0.0 1 0.8441920212500547 -1 -0.5081257738567673
935 1 0.0 1 0.8441920212500547 -1 -0.5081257738567673
936 1 0.0 1 0.8441920212500547 -1 -0.5081257738567673
937 1 0.0 1 0.8441920212500547 -1 -0.5081257738567673
938 1 0.0 1 0.8441920212500547 -1 -0.5081257738567673
939 1 0.0 1 0.8441920212500547 -1 -0.5081257738567673
940 1 0.0 1 0.8441920212500547 -1 -0.5081257738567673
941 1 0.0 1 0.8441920212500547 -1 -0.5081257738567673
942 1 0.0 1 0.8441920212500547 -1 -0.5081257738567673
943 1 0.0 1 0.8441920212500547 -1 -0.5081257738567673
944 1 0.0 1 0.8441920212500547 -1 -0.5081257738567673
945 1 0.0 1 0.8441920212500547 -1 -0.5081257738567673
946 1 0.0 1 0.8441920212500547 -1 -0.5081257738567673
947 1 0.0 1 0.8441920212500547 -1 -0.5081257738567673
948 1 0.0 1 0.8441920212500547 -1 -0.5081257738567673
949 1 0.0 1 0.8441920212500547 -1 -0.5081257738567673
950 1 0.0 1 0.8441920212500547 -1 -0.5081257738567673
951 1 0.0 1 0.8441920212500547 -1 -0.5081257738567673
952 1 0.0 1 0.8441920212500547 -1 -0.5081257738567673
953 1 0.0 1 0.8441920212500547 -1 -0.5081257738567673
954 1 0.0 1 0.8441920212500547 -1 -0.5081257738567673
955 1 0.0 1 0.8441920212500547 -1 -0.5081257738567673
956 1 0.0 1 0.8441920212500547 -1 -0.5081257738567673
957 1 0.0 1 0.8441920212500547 -1 -0.5081257738567673
958 1 0.0 1 0.8441920212500547 -1 -0.5081257738567673
959 1 0.0 1 0.8441920212500547 -1 -0.5081257738567673
960 1 0.0 1 0.8441920212500547 -1 -0.5081257738567673
961 1 0.0 1 0.8441920212500547 -1 -0.5081257738567673
962 1 0.0 1 0.8441920212500547 -1 -0.5081257738567673
963 1 0.0 1 0.8441920212500547 -1 -0.5081257738567673
964 1 0.0 1 0.8441920212500547 -1 -0.5081257738567673
965 1 0.0 1 0.8441920212500547 -1 -0.5081257738567673
966 1 0.0 1 0.8441920212500547 -1 -0.5081257738567673
967 1 0.0 1 0.8441920212500547 -1 -0.5081257738567673
968 1 0.0 1 0.8441920212500547 -1 -0.5081257738567673
969 1 0.0 1 0.8441920212500547 -1 -0.5081257738567673
970 1 0.0 1 0.8441920212500547 -1 -0.5081257738567673
971 1 0.0 1 0.8441920212500547 -1 -0.5081257738567673
972 1 0.0 1 0.8441920212500547 -1 -0.5081257738567673
973 1 0.0 1 0.8441920212500547 -1 -0.5081257738567673
974 1 0.0 1 0.8441920212500547 -1 -0.5081257738567673
975 1 0.0 1 0.8441920212500547 -1 -0.5081257738567673
976 1 0.0 1 0.8441920212500547 -1 -0.5081257738567673
977 1 0.0 1 0.8441920212500547 -1 -0.5081257738567673
978 1 0.0 1 0.8441920212500547 -1 -0.5081257738567673
979 1 0.0 1 0.8441920212500547 -1 -0.5081257738567673
980 1 0.0 1 0.8441920212500547 -1 -0.5081257738567673
981 1 0.0 1 0.8441920212500547 -1 -0.5081257738567673
982 1 0.0 1 0.8441920212500547 -1 -0.5081257738567673
983 1 0.0 1 0.8441920212500547 -1 -0.5081257738567673
984 1 0.0 1 0.8441920212500547 -1 -0.5081257738567673
985 1 0.0 1 0.8441920212500547 -1 -0.5081257738567673
986 1 0.0 1 0.8441920212500547 -1 -0.5081257738567673
987 1 0.0 1 0.8441920212500547 -1 -0.5081257738567673
988 1 0.0 1 0.8441920212500547 -1 -0.5081257738567673
989 1 0.0 1 0.8441920212500547 -1 -0.5081257738567673
990 1 0.0 1 0.8441920212500547 -1 -0.5081257738567673
991 1 0.0 1 0.8441920212500547 -1 -0.5081257738567673
992 1 0.0 1 0.8441920212500547 -1 -0.5081257738567673
993 1 0.0 1 0.8441920212500547 -1 -0.5081257738567673
994 1 0.0 1 0.8441920212500547 -1 -0.5081257738567673
995 1 0.0 1 0.8441920212500547 -1 -0.5081257738567673
996 1 0.0 1 0.8441920212500547 -1 -0.5081257738567673
997 1 0.0 1 0.8441920212500547 -1 -0.5081257738567673
998 1 0.0 1 0.8441920212500547 -1 -0.5081257738567673
999 1 0.0 1 0.8441920212500547 -1 -0.5081257738567673
1000 1 0.0 1 0.8441920212500547 -1 -0.5081257738567673
1001 1 0.0 1 0.8441920212500547 -1 -0.5081257738567673
1002 1 0.0 1 0.8441920212500547 -1 -0.5081257738567673
1003 1 0.0 1 0.8441920212500547 -1 -0.5081257738567673
1004 1 0.0 1 0.8441920212500547 -1 -0.5081257738567673
1005 1 0.0 1 0.8441920212500547 -1 -0.5081257738567673
1006 1 0.0 1 0.8441920212500547 -1 -0.5081257738567673
1007 1 0.0 1 0.8441920212500547 -1 -0.5081257738567673
1008 1 0.0 1 0.8441920212500547 -1 -0.5081257738567673
1009 1 0.0 1 0.8441920212500547 -1 -0.5081257738567673
1010 1 0.0 1 0.8441920212500547 -1 -0.5081257738567673
1011 1 0.0 1 0.8441920212500547 -1 -0.5081257738567673
1012 1 0.0 1 0.8441920212500547 -1 -0.5081257738567673
1013 1 0.0 1 0.8441920212500547 -1 -0.5081257738567673
1014 1 0.0 1 0.8441920212500547 -1 -0.5081257738567673
1015 1 0.0 1 0.8441920212500547 -1 -0.5081257738567673
1016 1 0.0 1 0.8441920212500547 -1 -0.5081257738567673
1017 1 0.0 1 0.8441920212500547 -1 -0.5081257738567673
1018 1 0.0 1 0.8441920212500547 -1 -0.5081257738567673
1019 1 0.0 1 0.8441920212500547 -1 -0.5081257738567673
1020 1 0.0 1 0.8441920212500547 -1 -0.5081257738567673
1021 1 0.0 1 0.8441920212500547 -1 -0.5081257738567673
1022 1 0.0 1 0.8441920212500547 -1 -0.5081257738567673
1023 1 0.0 1 0.8441920212500547 -1 -0.5081257738567673
1024 1 0.0 1 0.8441920212500547 -1 -0.5081257738567673
1025 1 0.0 1 0.8441920212500547 -1 -0.5081257738567673
1026 1 0.0 1 0.8441920212500547 -1 -0.5081257738567673
1027 1 0.0 1 0.8441920212500547 -1 -0.5081257738567673
1028 1 0.0 1 0.8441920212500547 -1 -0.5081257738567673
1029 1 0.0 1 0.8441920212500547 -1 -0.5081257738567673
1030 1 0.0 1 0.8441920212500547 -1 -0.5081257738567673
1031 1 0.0 1 0.8441920212500547 -1 -0.5081257738567673
1032 1 0.0 1 0.8441920212500547 -1 -0.5081257738567673
1033 1 0.0 1 0.8441920212500547 -1 -0.5081257738567673
1034 1 0.0 1 0.8441920212500547 -1 -0.5081257738567673
1035 1 0.0 1 0.8441920212500547 -1 -0.5081257738567673
1036 1 0.0 1 0.8441920212500547 -1 -0.5081257738567673
1037 1 0.0 1 0.8441920212500547 -1 -0.5081257738567673
1038 1 0.0 1 0.8441920212500547 -1 -0.5081257738567673
1039 1 0.0 1 0.8441920212500547 -1 -0.5081257738567673
1040 1 0.0 1 0.8441920212500547 -1 -0.5081257738567673
1041 1 0.0 1 0.8441920212500547 -1 -0.5081257738567673
1042 1 0.0 1 0.8441920212500547 -1 -0.5081257738567673
1043 1 0.0 1 0.8441920212500547 -1 -0.5081257738567673
1044 1 0.0 1 0.8441920212500547 -1 -0.5081257738567673
1045 1 0.0 1 0.8441920212500547 -1 -0.5081257738567673
1046 1 0.0 1 0.8441920212500547 -1 -0.5081257738567673
1047 1 0.0 1 0.8441920212500547 -1 -0.5081257738567673
1048 1 0.0 1 0.8441920212500547 -1 -0.5081257738567673
1049 1 0.0 1 0.8441920212500547 -1 -0.5081257738567673
1050 1 0.0 1 0.8441920212500547 -1 -0.5081257738567673
1051 1 0.0 1 0.8441920212500547 -1 -0.5081257738567673
1052 1 0.0 1 0.8441920212500547 -1 -0.5081257738567673
1053 1 0.0 1 0.8441920212500547 -1 -0.5081257738567673
1054 1 0.0 1 0.8441920212500547 -1 -0.5081257738567673
1055 1 0.0 1 0.8441920212500547 -1 -0.5081257738567673
1056 1 0.0 1 0.8441920212500547 -1 -0.5081257738567673
1057 1 0.0 1 0.8441920212500547 -1 -0.5081257738567673
1058 1 0.0 1 0.8441920212500547 -1 -0.5081257738567673
1059 1 0.0 1 0.8441920212500547 -1 -0.5081257738567673
1060 1 0.0 1 0.8441920212500547 -1 -0.5081257738567673
1061 1 0.0 1 0.8441920212500547 -1 -0.5081257738567673
1062 1 0.0 1 0.8441920212500547 -1 -0.5081257738567673
1063 1 0.0 1 0.8441920212500547 -1 -0.5081257738567673
1064 1 0.0 1 0.8441920212500547 -1 -0.5081257738567673
1065 1 0.0 1 0.8441920212500547 -1 -0.5081257738567673
1066 1 0.0 1 0.8441920212500547 -1 -0.5081257738567673
1067 1 0.0 1 0.8441920212500547 -1 -0.5081257738567673
1068 1 0.0 1 0.8441920212500547 -1 -0.5081257738567673
1069 1 0.0 1 0.8441920212500547 -1 -0.5081257738567673
1070 1 0.0 1 0.8441920212500547 -1 -0.5081257738567673
1071 1 0.0 1 0.8441920212500547 -1 -0.5081257738567673
1072 1 0.0 1 0.8441920212500547 -1 -0.5081257738567673
1073 1 0.0 1 0.8441920212500547 -1 -0.5081257738567673
1074 1 0.0 1 0.8441920212500547 -1 -0.5081257738567673
1075 1 0.0 1 0.8441920212500547 -1 -0.5081257738567673
1076 1 0.0 1 0.8441920212500547 -1 -0.5081257738567673
1077 1 0.0 1 0.8441920212500547 -1 -0.5081257738567673
1078 1 0.0 1 0.8441920212500547 -1 -0.5081257738567673
1079 1 0.0 1 0.8441920212500547 -1 -0.5081257738567673
1080 1 0.0 1 0.8441920212500547 -1 -0.5081257738567673
1081 1 0.0 1 0.8441920212500547 -1 -0.5081257738567673
1082 1 0.0 1 0.8441920212500547 -1 -0.5081257738567673
1083 1 0.0 1 0.8441920212500547 -1 -0.5081257738567673
1084 1 0.0 1 0.8441920212500547 -1 -0.5081257738567673
1085 1 0.0 1 0.8441920212500547 -1 -0.5081257738567673
1086 1 0.0 1 0.8441920212500547 -1 -0.5081257738567673
1087 1 0.0 1 0.8441920212500547 -1 -0.5081257738567673
1088 1 0.0 1 0.8441920212500547 -1 -0.5081257738567673
1089 1 0.0 1 0.8441920212500547 -1 -0.5081257738567673
1090 1 0.0 1 0.8441920212500547 -1 -0.5081257738567673
1091 1 0.0 1 0.8441920212500547 -1 -0.5081257738567673
1092 1 0.0 1 0.8441920212500547 -1 -0.5081257738567673
1093 1 0.0 1 0.8441920212500547 -1 -0.5081257738567673
1094 1 0.0 1 0.8441920212500547 -1 -0.5081257738567673
1095 1 0.0 1 0.8441920212500547 -1 -0.5081257738567673
1096 1 0.0 1 0.8441920212500547 -1 -0.5081257738567673
1097 1 0.0 1 0.8441920212500547 -1 -0.5081257738567673
1098 1 0.0 1 0.8441920212500547 -1 -0.5081257738567673
1099 1 0.0 1 0.8441920212500547 -1 -0.5081257738567673
1100 1 0.0 1 0.8441920212500547 -1 -0.5081257738567673
1101 1 0.0 1 0.8441920212500547 -1 -0.5081257738567673
1102 1 0.0 1 0.8441920212500547 -1 -0.5081257738567673
1103 1 0.0 1 0.8441920212500547 -1 -0.5081257738567673
1104 1 0.0 1 0.8441920212500547 -1 -0.5081257738567673
1105 1 0.0 1 0.8441920212500547 -1 -0.5081257738567673
1106 1 0.0 1 0.8441920212500547 -1 -0.5081257738567673
1107 1 0.0 1 0.8441920212500547 -1 -0.5081257738567673
1108 1 0.0 1 0.8441920212500547 -1 -0.5081257738567673
1109 1 0.0 1 0.8441920212500547 -1 -0.5081257738567673
1110 1 0.0 1 0.8441920212500547 -1 -0.5081257738567673
1111 1 0.0 1 0.8441920212500547 -1 -0.5081257738567673
1112 1 0.0 1 0.8441920212500547 -1 -0.5081257738567673
1113 1 0.0 1 0.8441920212500547 -1 -0.5081257738567673
1114 1 0.0 1 0.8441920212500547 -1 -0.5081257738567673
1115 1 0.0 1 0.8441920212500547 -1 -0.5081257738567673
1116 1 0.0 1 0.8441920212500547 -1 -0.5081257738567673
1117 1 0.0 1 0.8441920212500547 -1 -0.5081257738567673
1118 1 0.0 1 0.8441920212500547 -1 -0.5081257738567673
1119 1 0.0 1 0.8441920212500547 -1 -0.5081257738567673
1120 1 0.0 1 0.8441920212500547 -1 -0.5081257738567673
1121 1 0.0 1 0.8441920212500547 -1 -0.5081257738567673
1122 1 0.0 1 0.8441920212500547 -1 -0.5081257738567673
1123 1 0.0 1 0.8441920212500547 -1 -0.5081257738567673
1124 1 0.0 1 0.8441920212500547 -1 -0.5081257738567673
1125 1 0.0 1 0.8441920212500547 -1 -0.5081257738567673
1126 1 0.0 1 0.8441920212500547 -1 -0.5081257738567673
1127 1 0.0 1 0.8441920212500547 -1 -0.5081257738567673
1128 1 0.0 1 0.8441920212500547 -1 -0.5081257738567673
1129 1 0.0 1 0.8441920212500547 -1 -0.5081257738567673
1130 1 0.0 1 0.8441920212500547 -1 -0.5081257738567673
1131 1 0.0 1 0.8441920212500547 -1 -0.5081257738567673
1132 1 0.0 1 0.8441920212500547 -1 -0.5081257738567673
1133 1 0.0 1 0.8441920212500547 -1 -0.5081257738567673
1134 1 0.0 1 0.8441920212500547 -1 -0.5081257738567673
1135 1 0.0 1 0.8441920212500547 -1 -0.5081257738567673
1136 1 0.0 1 0.8441920212500547 -1 -0.5081257738567673
1137 1 0.0 1 0.8441920212500547 -1 -0.5081257738567673
1138 1 0.0 1 0.8441920212500547 -1 -0.5081257738567673
1139 1 0.0 1 0.8441920212500547 -1 -0.5081257738567673
1140 1 0.0 1 0.8441920212500547 -1 -0.5081257738567673
1141 1 0.0 1 0.8441920212500547 -1 -0.5081257738567673
1142 1 0.0 1 0.8441920212500547 -1 -0.5081257738567673
1143 1 0.0 1 0.8441920212500547 -1 -0.5081257738567673
1144 1 0.0 1 0.8441920212500547 -1 -0.5081257738567673
1145 1 0.0 1 0.8441920212500547 -1 -0.5081257738567673
1146 1 0.0 1 0.8441920212500547 -1 -0.5081257738567673
1147 1 0.0 1 0.8441920212500547 -1 -0.5081257738567673
1148 1 0.0 1 0.8441920212500547 -1 -0.5081257738567673
1149 1 0.0 1 0.8441920212500547 -1 -0.5081257738567673
1150 1 0.0 1 0.8441920212500547 -1 -0.5081257738567673
1151 1 0.0 1 0.8441920212500547 -1 -0.5081257738567673
1152 1 0.0 1 0.8441920212500547 -1 -0.5081257738567673
1153 1 0.0 1 0.8441920212500547 -1 -0.5081257738567673
1154 1 0.0 1 0.8441920212500547 -1 -0.5081257738567673
1155 1 0.0 1 0.8441920212500547 -1 -0.5081257738567673
1156 1 0.0 1 0.8441920212500547 -1 -0.5081257738567673
1157 1 0.0 1 0.8441920212500547 -1 -0.5081257738567673
1158 1 0.0 1 0.8441920212500547 -1 -0.5081257738567673
1159 1 0.0 1 0.8441920212500547 -1 -0.5081257738567673
1160 1 0.0 1 0.8441920212500547 -1 -0.5081257738567673
1161 1 0.0 1 0.8441920212500547 -1 -0.5081257738567673
1162 1 0.0 1 0.8441920212500547 -1 -0.5081257738567673
1163 1 0.0 1 0.8441920212500547 -1 -0.5081257738567673
1164 1 0.0 1 0.8441920212500547 -1 -0.5081257738567673
1165 1 0.0 1 0.8441920212500547 -1 -0.5081257738567673
1166 1 0.0 1 0.8441920212500547 -1 -0.5081257738567673
1167 1 0.0 1 0.8441920212500547 -1 -0.5081257738567673
1168 1 0.0 1 0.8441920212500547 -1 -0.5081257738567673
1169 1 0.0 1 0.8441920212500547 -1 -0.5081257738567673
1170 1 0.0 1 0.8441920212500547 -1 -0.5081257738567673
1171 1 0.0 1 0.8441920212500547 -1 -0.5081257738567673
1172 1 0.0 1 0.8441920212500547 -1 -0.5081257738567673
1173 1 0.0 1 0.8441920212500547 -1 -0.5081257738567673
1174 1 0.0 1 0.8441920212500547 -1 -0.5081257738567673
1175 1 0.0 1 0.8441920212500547 -1 -0.5081257738567673
1176 1 0.0 1 0.8441920212500547 -1 -0.5081257738567673
1177 1 0.0 1 0.8441920212500547 -1 -0.5081257738567673
1178 1 0.0 1 0.8441920212500547 -1 -0.5081257738567673
1179 1 0.0 1 0.8441920212500547 -1 -0.5081257738567673
1180 1 0.0 1 0.8441920212500547 -1 -0.5081257738567673
1181 1 0.0 1 0.8441920212500547 -1 -0.5081257738567673
1182 1 0.0 1 0.8441920212500547 -1 -0.5081257738567673
1183 1 0.0 1 0.8441920212500547 -1 -0.5081257738567673
1184 1 0.0 1 0.8441920212500547 -1 -0.5081257738567673
1185 1 0.0 1 0.8441920212500547 -1 -0.5081257738567673
1186 1 0.0 1 0.8441920212500547 -1 -0.5081257738567673
1187 1 0.0 1 0.8441920212500547 -1 -0.5081257738567673
1188 1 0.0 1 0.8441920212500547 -1 -0.5081257738567673
1189 1 0.0 1 0.8441920212500547 -1 -0.5081257738567673
1190 1 0.0 1 0.8441920212500547 -1 -0.5081257738567673
1191 1 0.0 1 0.8441920212500547 -1 -0.5081257738567673
1192 1 0.0 1 0.8441920212500547 -1 -0.5081257738567673
1193 1 0.0 1 0.8441920212500547 -1 -0.5081257738567673
1194 1 0.0 1 0.8441920212500547 -1 -0.5081257738567673
1195 1 0.0 1 0.8441920212500547 -1 -0.5081257738567673
1196 1 0.0 1 0.8441920212500547 -1 -0.5081257738567673
1197 1 0.0 1 0.8441920212500547 -1 -0.5081257738567673
1198 1 0.0 1 0.8441920212500547 -1 -0.5081257738567673
1199 1 0.0 1 0.8441920212500547 -1 -0.5081257738567673
1200 1 0.0 1 0.8441920212500547 -1 -0.5081257738567673
1201 1 0.0 1 0.8441920212500547 -1 -0.5081257738567673
1202 1 0.0 1 0.8441920212500547 -1 -0.5081257738567673
1203 1 0.0 1 0.8441920212500547 -1 -0.5081257738567673
1204 1 0.0 1 0.8441920212500547 -1 -0.5081257738567673
1205 1 0.0 1 0.8441920212500547 -1 -0.5081257738567673
1206 1 0.0 1 0.8441920212500547 -1 -0.5081257738567673
1207 1 0.0 1 0.8441920212500547 -1 -0.5081257738567673
1208 1 0.0 1 0.8441920212500547 -1 -0.5081257738567673
1209 1 0.0 1 0.8441920212500547 -1 -0.5081257738567673
1210 1 0.0 1 0.8441920212500547 -1 -0.5081257738567673
1211 1 0.0 1 0.8441920212500547 -1 -0.5081257738567673
1212 1 0.0 1 0.8441920212500547 -1 -0.5081257738567673
1213 1 0.0 1 0.8441920212500547 -1 -0.5081257738567673
1214 1 0.0 1 0.8441920212500547 -1 -0.5081257738567673
1215 1 0.0 1 0.8441920212500547 -1 -0.5081257738567673
1216 1 0.0 1 0.8441920212500547 -1 -0.5081257738567673
1217 1 0.0 1 0.8441920212500547 -1 -0.5081257738567673
1218 1 0.0 1 0.8441920212500547 -1 -0.5081257738567673
1219 1 0.0 1 0.8441920212500547 -1 -0.5081257738567673
1220 1 0.0 1 0.8441920212500547 -1 -0.5081257738567673
1221 1 0.0 1 0.8441920212500547 -1 -0.5081257738567673
1222 1 0.0 1 0.8441920212500547 -1 -0.5081257738567673
1223 1 0.0 1 0.8441920212500547 -1 -0.5081257738567673
1224 1 0.0 1 0.8441920212500547 -1 -0.5081257738567673
1225 1 0.0 1 0.8441920212500547 -1 -0.5081257738567673
1226 1 0.0 1 0.8441920212500547 -1 -0.5081257738567673
1227 1 0.0 1 0.8441920212500547 -1 -0.5081257738567673
1228 1 0.0 1 0.8441920212500547 -1 -0.5081257738567673
1229 1 0.0 1 0.8441920212500547 -1 -0.5081257738567673
1230 1 0.0 1 0.8441920212500547 -1 -0.5081257738567673
1231 1 0.0 1 0.8441920212500547 -1 -0.5081257738567673
1232 1 0.0 1 0.8441920212500547 -1 -0.5081257738567673
1233 1 0.0 1 0.8441920212500547 -1 -0.5081257738567673
1234 1 0.0 1 0.8441920212500547 -1 -0.5081257738567673
1235 1 0.0 1 0.8441920212500547 -1 -0.5081257738567673
1236 1 0.0 1 0.8441920212500547 -1 -0.5081257738567673
1237 1 0.0 1 0.8441920212500547 -1 -0.5081257738567673
1238 1 0.0 1 0.8441920212500547 -1 -0.5081257738567673
1239 1 0.0 1 0.8441920212500547 -1 -0.5081257738567673
1240 1 0.0 1 0.8441920212500547 -1 -0.5081257738567673
1241 1 0.0 1 0.8441920212500547 -1 -0.5081257738567673
1242 1 0.0 1 0.8441920212500547 -1 -0.5081257738567673
1243 1 0.0 1 0.8441920212500547 -1 -0.5081257738567673
1244 1 0.0 1 0.8441920212500547 -1 -0.5081257738567673
1245 1 0.0 1 0.8441920212500547 -1 -0.5081257738567673
1246 1 0.0 1 0.8441920212500547 -1 -0.5081257738567673
1247 1 0.0 1 0.8441920212500547 -1 -0.5081257738567673
1248 1 0.0 1 0.8441920212500547 -1 -0.5081257738567673
1249 1 0.0 1 0.8441920212500547 -1 -0.5081257738567673
1250 1 0.0 1 0.8441920212500547 -1 -0.5081257738567673
1251 1 0.0 1 0.8441920212500547 -1 -0.5081257738567673
1252 1 0.0 1 0.8441920212500547 -1 -0.5081257738567673
1253 1 0.0 1 0.8441920212500547 -1 -0.5081257738567673
1254 1 0.0 1 0.8441920212500547 -1 -0.5081257738567673
1255 1 0.0 1 0.8441920212500547 -1 -0.5081257738567673
1256 1 0.0 1 0.8441920212500547 -1 -0.5081257738567673
1257 1 0.0 1 0.8441920212500547 -1 -0.5081257738567673
1258 1 0.0 1 0.8441920212500547 -1 -0.5081257738567673
1259 1 0.0 1 0.8441920212500547 -1 -0.5081257738567673
1260 1 0.0 1 0.8441920212500547 -1 -0.5081257738567673
1261 1 0.0 1 0.8441920212500547 -1 -0.5081257738567673
1262 1 0.0 1 0.8441920212500547 -1 -0.5081257738567673
1263 1 0.0 1 0.8441920212500547 -1 -0.5081257738567673
1264 1 0.0 1 0.8441920212500547 -1 -0.5081257738567673
1265 1 0.0 1 0.8441920212500547 -1 -0.5081257738567673
1266 1 0.0 1 0.8441920212500547 -1 -0.5081257738567673
1267 1 0.0 1 0.8441920212500547 -1 -0.5081257738567673
1268 1 0.0 1 0.8441920212500547 -1 -0.5081257738567673
1269 1 0.0 1 0.8441920212500547 -1 -0.5081257738567673
1270 1 0.0 1 0.8441920212500547 -1 -0.5081257738567673
1271 1 0.0 1 0.8441920212500547 -1 -0.5081257738567673
1272 1 0.0 1 0.8441920212500547 -1 -0.5081257738567673
1273 1 0.0 1 0.8441920212500547 -1 -0.5081257738567673
1274 1 0.0 1 0.8441920212500547 -1 -0.5081257738567673
1275 1 0.0 1 0.8441920212500547 -1 -0.5081257738567673
1276 1 0.0 1 0.8441920212500547 -1 -0.5081257738567673
1277 1 0.0 1 0.8441920212500547 -1 -0.5081257738567673
1278 1 0.0 1 0.8441920212500547 -1 -0.5081257738567673
1279 1 0.0 1 0.8441920212500547 -1 -0.5081257738567673
1280 1 0.0 1 0.8441920212500547 -1 -0.5081257738567673
1281 1 0.0 1 0.8441920212500547 -1 -0.5081257738567673
1282 1 0.0 1 0.8441920212500547 -1 -0.5081257738567673
1283 1 0.0 1 0.8441920212500547 -1 -0.5081257738567673
1284 1 0.0 1 0.8441920212500547 -1 -0.5081257738567673
1285 1 0.0 1 0.8441920212500547 -1 -0.5081257738567673
1286 1 0.0 1 0.8441920212500547 -1 -0.5081257738567673
1287 1 0.0 1 0.8441920212500547 -1 -0.5081257738567673
1288 1 0.0 1 0.8441920212500547 -1 -0.5081257738567673
1289 1 0.0 1 0.8441920212500547 -1 -0.5081257738567673
1290 1 0.0 1 0.8441920212500547 -1 -0.5081257738567673
1291 1 0.0 1 0.8441920212500547 -1 -0.5081257738567673
1292 1 0.0 1 0.8441920212500547 -1 -0.5081257738567673
1293 1 0.0 1 0.8441920212500547 -1 -0.5081257738567673
1294 1 0.0 1 0.8441920212500547 -1 -0.5081257738567673
1295 1 0.0 1 0.8441920212500547 -1 -0.5081257738567673
1296 1 0.0 1 0.8441920212500547 -1 -0.5081257738567673
1297 1 0.0 1 0.8441920212500547 -1 -0.5081257738567673
1298 1 0.0 1 0.8441920212500547 -1 -0.5081257738567673
1299 1 0.0 1 0.8441920212500547 -1 -0.5081257738567673
1300 1 0.0 1 0.8441920212500547 -1 -0.5081257738567673
1301 1 0.0 1 0.8441920212500547 -1 -0.5081257738567673
1302 1 0.0 1 0.8441920212500547 -1 -0.5081257738567673
1303 1 0.0 1 0.8441920212500547 -1 -0.5081257738567673
1304 1 0.0 1 0.8441920212500547 -1 -0.5081257738567673
1305 1 0.0 1 0.8441920212500547 -1 -0.5081257738567673
1306 1 0.0 1 0.8441920212500547 -1 -0.5081257738567673
1307 1 0.0 1 0.8441920212500547 -1 -0.5081257738567673
1308 1 0.0 1 0.8441920212500547 -1 -0.5081257738567673
1309 1 0.0 1 0.8441920212500547 -1 -0.5081257738567673
1310 1 0.0 1 0.8441920212500547 -1 -0.5081257738567673
1311 1 0.0 1 0.8441920212500547 -1 -0.5081257738567673
1312 1 0.0 1 0.8441920212500547 -1 -0.5081257738567673
1313 1 0.0 1 0.8441920212500547 -1 -0.5081257738567673
1314 1 0.0 1 0.8441920212500547 -1 -0.5081257738567673
1315 1 0.0 1 0.8441920212500547 -1 -0.5081257738567673
1316 1 0.0 1 0.8441920212500547 -1 -0.5081257738567673
1317 1 0.0 1 0.8441920212500547 -1 -0.5081257738567673
1318 1 0.0 1 0.8441920212500547 -1 -0.5081257738567673
1319 1 0.0 1 0.8441920212500547 -1 -0.5081257738567673
1320 1 0.0 1 0.8441920212500547 -1 -0.5081257738567673
1321 1 0.0 1 0.8441920212500547 -1 -0.5081257738567673
1322 1 0.0 1 0.8441920212500547 -1 -0.5081257738567673
1323 1 0.0 1 0.8441920212500547 -1 -0.5081257738567673
1324 1 0.0 1 0.8441920212500547 -1 -0.5081257738567673
1325 1 0.0 1 0.8441920212500547 -1 -0.5081257738567673
1326 1 0.0 1 0.8441920212500547 -1 -0.5081257738567673
1327 1 0.0 1 0.8441920212500547 -1 -0.5081257738567673
1328 1 0.0 1 0.8441920212500547 -1 -0.5081257738567673
1329 1 0.0 1 0.8441920212500547 -1 -0.5081257738567673
1330 1 0.0 1 0.8441920212500547 -1 -0.5081257738567673
1331 1 0.0 1 0.8441920212500547 -1 -0.5081257738567673
1332 1 0.0 1 0.8441920212500547 -1 -0.5081257738567673
1333 1 0.0 1 0.8441920212500547 -1 -0.5081257738567673
1334 1 0.0 1 0.8441920212500547 -1 -0.5081257738567673
1335 1 0.0 1 0.8441920212500547 -1 -0.5081257738567673
1336 1 0.0 1 0.8441920212500547 -1 -0.5081257738567673
1337 1 0.0 1 0.8441920212500547 -1 -0.5081257738567673
1338 1 0.0 1 0.8441920212500547 -1 -0.5081257738567673
1339 1 0.0 1 0.8441920212500547 -1 -0.5081257738567673
1340 1 0.0 1 0.8441920212500547 -1 -0.5081257738567673
1341 1 0.0 1 0.8441920212500547 -1 -0.5081257738567673
1342 1 0.0 1 0.8441920212500547 -1 -0.5081257738567673
1343 1 0.0 1 0.8441920212500547 -1 -0.5081257738567673
1344 1 0.0 1 0.8441920212500547 -1 -0.5081257738567673
1345 1 0.0 1 0.8441920212500547 -1 -0.5081257738567673
1346 1 0.0 1 0.8441920212500547 -1 -0.5081257738567673
1347 1 0.0 1 0.8441920212500547 -1 -0.5081257738567673
1348 1 0.0 1 0.8441920212500547 -1 -0.5081257738567673
1349 1 0.0 1 0.8441920212500547 -1 -0.5081257738567673
1350 1 0.0 1 0.8441920212500547 -1 -0.5081257738567673
1351 1 0.0 1 0.8441920212500547 -1 -0.5081257738567673
1352 1 0.0 1 0.8441920212500547 -1 -0.5081257738567673
1353 1 0.0 1 0.8441920212500547 -1 -0.5081257738567673
1354 1 0.0 1 0.8441920212500547 -1 -0.5081257738567673
1355 1 0.0 1 0.8441920212500547 -1 -0.5081257738567673
1356 1 0.0 1 0.8441920212500547 -1 -0.5081257738567673
1357 1 0.0 1 0.8441920212500547 -1 -0.5081257738567673
1358 1 0.0 1 0.8441920212500547 -1 -0.5081257738567673
1359 1 0.0 1 0.8441920212500547 -1 -0.5081257738567673
1360 1 0.0 1 0.8441920212500547 -1 -0.5081257738567673
1361 1 0.0 1 0.8441920212500547 -1 -0.5081257738567673
1362 1 0.0 1 0.8441920212500547 -1 -0.5081257738567673
1363 1 0.0 1 0.8441920212500547 -1 -0.5081257738567673
1364 1 0.0 1 0.8441920212500547 -1 -0.5081257738567673
1365 1 0.0 1 0.8441920212500547 -1 -0.5081257738567673
1366 1 0.0 1 0.8441920212500547 -1 -0.5081257738567673
1367 1 0.0 1 0.8441920212500547 -1 -0.5081257738567673
1368 1 0.0 1 0.8441920212500547 -1 -0.5081257738567673
1369 1 0.0 1 0.8441920212500547 -1 -0.5081257738567673
1370 1 0.0 1 0.8441920212500547 -1 -0.5081257738567673
1371 1 0.0 1 0.8441920212500547 -1 -0.5081257738567673
1372 1 0.0 1 0.8441920212500547 -1 -0.5081257738567673
1373 1 0.0 1 0.8441920212500547 -1 -0.5081257738567673
1374 1 0.0 1 0.8441920212500547 -1 -0.5081257738567673
1375 1 0.0 1 0.8441920212500547 -1 -0.5081257738567673
1376 1 0.0 1 0.8441920212500547 -1 -0.5081257738567673
1377 1 0.0 1 0.8441920212500547 -1 -0.5081257738567673
1378 1 0.0 1 0.8441920212500547 -1 -0.5081257738567673
1379 1 0.0 1 0.8441920212500547 -1 -0.5081257738567673
1380 1 0.0 1 0.8441920212500547 -1 -0.5081257738567673
1381 1 0.0 1 0.8441920212500547 -1 -0.5081257738567673
1382 1 0.0 1 0.8441920212500547 -1 -0.5081257738567673
1383 1 0.0 1 0.8441920212500547 -1 -0.5081257738567673
1384 1 0.0 1 0.8441920212500547 -1 -0.5081257738567673
1385 1 0.0 1 0.8441920212500547 -1 -0.5081257738567673
1386 1 0.0 1 0.8441920212500547 -1 -0.5081257738567673
1387 1 0.0 1 0.8441920212500547 -1 -0.5081257738567673
1388 1 0.0 1 0.8441920212500547 -1 -0.5081257738567673
1389 1 0.0 1 0.8441920212500547 -1 -0.5081257738567673
1390 1 0.0 1 0.8441920212500547 -1 -0.5081257738567673
1391 1 0.0 1 0.8441920212500547 -1 -0.5081257738567673
1392 1 0.0 1 0.8441920212500547 -1 -0.5081257738567673
1393 1 0.0 1 0.8441920212500547 -1 -0.5081257738567673
1394 1 0.0 1 0.8441920212500547 -1 -0.5081257738567673
1395 1 0.0 1 0.8441920212500547 -1 -0.5081257738567673
1396 1 0.0 1 0.8441920212500547 -1 -0.5081257738567673
1397 1 0.0 1 0.8441920212500547 -1 -0.5081257738567673
1398 1 0.0 1 0.8441920212500547 -1 -0.5081257738567673
1399 1 0.0 1 0.8441920212500547 -1 -0.5081257738567673
1400 1 0.0 1 0.8441920212500547 -1 -0.5081257738567673
1401 1 0.0 1 0.8441920212500547 -1 -0.5081257738567673
1402 1 0.0 1 0.8441920212500547 -1 -0.5081257738567673
1403 1 0.0 1 0.8441920212500547 -1 -0.5081257738567673
1404 1 0.0 1 0.8441920212500547 -1 -0.5081257738567673
1405 1 0.0 1 0.8441920212500547 -1 -0.5081257738567673
1406 1 0.0 1 0.8441920212500547 -1 -0.5081257738567673
1407 1 0.0 1 0.8441920212500547 -1 -0.5081257738567673
1408 1 0.0 1 0.8441920212500547 -1 -0.5081257738567673
1409 1 0.0 1 0.8441920212500547 -1 -0.5081257738567673
1410 1 0.0 1 0.8441920212500547 -1 -0.5081257738567673
1411 1 0.0 1 0.8441920212500547 -1 -0.5081257738567673
1412 1 0.0 1 0.8441920212500547 -1 -0.5081257738567673
1413 1 0.0 1 0.8441920212500547 -1 -0.5081257738567673
1414 1 0.0 1 0.8441920212500547 -1 -0.5081257738567673
1415 1 0.0 1 0.8441920212500547 -1 -0.5081257738567673
1416 1 0.0 1 0.8441920212500547 -1 -0.5081257738567673
1417 1 0.0 1 0.8441920212500547 -1 -0.5081257738567673
1418 1 0.0 1 0.8441920212500547 -1 -0.5081257738567673
1419 1 0.0 1 0.8441920212500547 -1 -0.5081257738567673
1420 1 0.0 1 0.8441920212500547 -1 -0.5081257738567673
1421 1 0.0 1 0.8441920212500547 -1 -0.5081257738567673
1422 1 0.0 1 0.8441920212500547 -1 -0.5081257738567673
1423 1 0.0 1 0.8441920212500547 -1 -0.5081257738567673
1424 1 0.0 1 0.8441920212500547 -1 -0.5081257738567673
1425 1 0.0 1 0.8441920212500547 -1 -0.5081257738567673
1426 1 0.0 1 0.8441920212500547 -1 -0.5081257738567673
1427 1 0.0 1 0.8441920212500547 -1 -0.5081257738567673
1428 1 0.0 1 0.8441920212500547 -1 -0.5081257738567673
1429 1 0.0 1 0.8441920212500547 -1 -0.5081257738567673
1430 1 0.0 1 0.8441920212500547 -1 -0.5081257738567673
1431 1 0.0 1 0.8441920212500547 -1 -0.5081257738567673
1432 1 0.0 1 0.8441920212500547 -1 -0.5081257738567673
1433 1 0.0 1 0.8441920212500547 -1 -0.5081257738567673
1434 1 0.0 1 0.8441920212500547 -1 -0.5081257738567673
1435 1 0.0 1 0.8441920212500547 -1 -0.5081257738567673
1436 1 0.0 1 0.8441920212500547 -1 -0.5081257738567673
1437 1 0.0 1 0.8441920212500547 -1 -0.5081257738567673
1438 1 0.0 1 0.8441920212500547 -1 -0.5081257738567673
1439 1 0.0 1 0.8441920212500547 -1 -0.5081257738567673
1440 1 0.0 1 0.8441920212500547 -1 -0.5081257738567673
1441 1 0.0 1 0.8441920212500547 -1 -0.5081257738567673
1442 1 0.0 1 0.8441920212500547 -1 -0.5081257738567673
1443 1 0.0 1 0.8441920212500547 -1 -0.5081257738567673
1444 1 0.0 1 0.8441920212500547 -1 -0.5081257738567673
1445 1 0.0 1 0.8441920212500547 -1 -0.5081257738567673
1446 1 0.0 1 0.8441920212500547 -1 -0.5081257738567673
1447 1 0.0 1 0.8441920212500547 -1 -0.5081257738567673
1448 1 0.0 1 0.8441920212500547 -1 -0.5081257738567673
1449 1 0.0 1 0.8441920212500547 -1 -0.5081257738567673
1450 1 0.0 1 0.8441920212500547 -1 -0.5081257738567673
1451 1 0.0 1 0.8441920212500547 -1 -0.5081257738567673
1452 1 0.0 1 0.8441920212500547 -1 -0.5081257738567673
1453 1 0.0 1 0.8441920212500547 -1 -0.5081257738567673
1454 1 0.0 1 0.8441920212500547 -1 -0.5081257738567673
1455 1 0.0 1 0.8441920212500547 -1 -0.5081257738567673
1456 1 0.0 1 0.8441920212500547 -1 -0.5081257738567673
1457 1 0.0 1 0.8441920212500547 -1 -0.5081257738567673
1458 1 0.0 1 0.8441920212500547 -1 -0.5081257738567673
1459 1 0.0 1 0.8441920212500547 -1 -0.5081257738567673
1460 1 0.0 1 0.8441920212500547 -1 -0.5081257738567673
1461 1 0.0 1 0.8441920212500547 -1 -0.5081257738567673
1462 1 0.0 1 0.8441920212500547 -1 -0.5081257738567673
1463 1 0.0 1 0.8441920212500547 -1 -0.5081257738567673
1464 1 0.0 1 0.8441920212500547 -1 -0.5081257738567673
1465 1 0.0 1 0.8441920212500547 -1 -0.5081257738567673
1466 1 0.0 1 0.8441920212500547 -1 -0.5081257738567673
1467 1 0.0 1 0.8441920212500547 -1 -0.5081257738567673
1468 1 0.0 1 0.8441920212500547 -1 -0.5081257738567673
1469 1 0.0 1 0.8441920212500547 -1 -0.5081257738567673
1470 1 0.0 1 0.8441920212500547 -1 -0.5081257738567673
1471 1 0.0 1 0.8441920212500547 -1 -0.5081257738567673
1472 1 0.0 1 0.8441920212500547 -1 -0.5081257738567673
1473 1 0.0 1 0.8441920212500547 -1 -0.5081257738567673
1474 1 0.0 1 0.8441920212500547 -1 -0.5081257738567673
1475 1 0.0 1 0.8441920212500547 -1 -0.5081257738567673
1476 1 0.0 1 0.8441920212500547 -1 -0.5081257738567673
1477 1 0.0 1 0.8441920212500547 -1 -0.5081257738567673
1478 1 0.0 1 0.8441920212500547 -1 -0.5081257738567673
1479 1 0.0 1 0.8441920212500547 -1 -0.5081257738567673
1480 1 0.0 1 0.8441920212500547 -1 -0.5081257738567673
1481 1 0.0 1 0.8441920212500547 -1 -0.5081257738567673
1482 1 0.0 1 0.8441920212500547 -1 -0.5081257738567673
1483 1 0.0 1 0.8441920212500547 -1 -0.5081257738567673
1484 1 0.0 1 0.8441920212500547 -1 -0.5081257738567673
1485 1 0.0 1 0.8441920212500547 -1 -0.5081257738567673
1486 1 0.0 1 0.8441920212500547 -1 -0.5081257738567673
1487 1 0.0 1 0.8441920212500547 -1 -0.5081257738567673
1488 1 0.0 1 0.8441920212500547 -1 -0.5081257738567673
1489 1 0.0 1 0.8441920212500547 -1 -0.5081257738567673
1490 1 0.0 1 0.8441920212500547 -1 -0.5081257738567673
1491 1 0.0 1 0.8441920212500547 -1 -0.5081257738567673
1492 1 0.0 1 0.8441920212500547 -1 -0.5081257738567673
1493 1 0.0 1 0.8441920212500547 -1 -0.5081257738567673
1494 1 0.0 1 0.8441920212500547 -1 -0.5081257738567673
1495 1 0.0 1 0.8441920212500547 -1 -0.5081257738567673
1496 1 0.0 1 0.8441920212500547 -1 -0.5081257738567673
1497 1 0.0 1 0.8441920212500547 -1 -0.5081257738567673
1498 1 0.0 1 0.8441920212500547 -1 -0.5081257738567673
1499 1 0.0 1 0.8441920212500547 -1 -0.5081257738567673
1500 1 0.0 1 0.8441920212500547 -1 -0.5081257738567673
