1 1 0.0 -1 -0.5928468636567625 -1 -0.10855840053480925
2 1 0.0 -1 -0.5928468636567625 -1 -0.10855840053480925
3 1 0.0 -1 -0.5928468636567625 -1 -0.10855840053480925
4 1 0.0 -1 -0.5928468636567625 -1 -0.10855840053480925
5 1 0.0 -1 -0.5928468636567625 -1 -0.10855840053480925
6 1 0.0 -1 -0.5928468636567625 -1 -0.10855840053480925
7 1 0.0 -1 -0.5928468636567625 -1 -0.10855840053480925
8 1 0.0 -1 -0.5928468636567625 -1 -0.10855840053480925
9 1 0.0 -1 -0.5928468636567625 -1 -0.10855840053480925
10 1 0.0 -1 -0.5928468636567625 -1 -0.10855840053480925
11 1 0.0 -1 -0.5928468636567625 -1 -0.10855840053480925
12 1 0.0 -1 -0.5928468636567625 -1 -0.10855840053480925
13 1 0.0 -1 -0.5928468636567625 -1 -0.10855840053480925
14 1 0.0 -1 -0.5928468636567625 -1 -0.10855840053480925
15 1 0.0 -1 -0.5928468636567625 -1 -0.10855840053480925
16 1 0.0 -1 -0.5928468636567625 -1 -0.10855840053480925
17 1 0.0 -1 -0.5928468636567625 -1 -0.10855840053480925
18 1 0.0 -1 -0.5928468636567625 -1 -0.10855840053480925
19 1 0.0 -1 -0.5928468636567625 -1 -0.10855840053480925
20 1 0.0 -1 -0.5928468636567625 -1 -0.10855840053480925
21 1 0.0 -1 -0.5928468636567625 -1 -0.10855840053480925
22 1 0.0 -1 -0.5928468636567625 -1 -0.10855840053480925
23 1 0.0 -1 -0.5928468636567625 -1 -0.10855840053480925
24 1 0.0 -1 -0.5928468636567625 -1 -0.10855840053480925
25 1 0.0 -1 -0.5928468636567625 -1 -0.10855840053480925
26 1 0.0 -1 -0.5928468636567625 -1 -0.10855840053480925
27 1 0.0 -1 -0.5928468636567625 -1 -0.10855840053480925
28 1 0.0 -1 -0.5928468636567625 -1 -0.10855840053480925
29 1 0.0 -1 -0.5928468636567625 -1 -0.10855840053480925
30 1 0.0 -1 -0.5928468636567625 -1 -0.10855840053480925
31 1 0.0 -1 -0.5928468636567625 -1 -0.10855840053480925
32 1 0.0 -1 -0.5928468636567625 -1 -0.10855840053480925
33 1 0.0 -1 -0.5928468636567625 -1 -0.10855840053480925
34 1 0.0 -1 -0.5928468636567625 -1 -0.10855840053480925
35 1 0.0 -1 -0.5928468636567625 -1 -0.10855840053480925
36 1 0.0 -1 -0.5928468636567625 -1 -0.10855840053480925
37 1 0.0 -1 -0.5928468636567625 -1 -0.10855840053480925
38 1 0.0 -1 -0.5928468636567625 -1 -0.10855840053480925
39 1 0.0 -1 -0.5928468636567625 -1 -0.10855840053480925
40 1 0.0 -1 -0.5928468636567625 -1 -0.10855840053480925
41 1 0.0 -1 -0.5928468636567625 -1 -0.10855840053480925
42 1 0.0 -1 -0.5928468636567625 -1 -0.10855840053480925
43 1 0.0 -1 -0.5928468636567625 -1 -0.10855840053480925
44 1 0.0 -1 -0.5928468636567625 -1 -0.10855840053480925
45 1 0.0 -1 -0.5928468636567625 -1 -0.10855840053480925
46 1 0.0 -1 -0.5928468636567625 -1 -0.10855840053480925
47 1 0.0 -1 -0.5928468636567625 -1 -0.10855840053480925
48 1 0.0 -1 -0.5928468636567625 -1 -0.10855840053480925
49 1 0.0 -1 -0.5928468636567625 -1 -0.10855840053480925
50 1 0.0 -1 -0.5928468636567625 -1 -0.10855840053480925
51 1 0.0 -1 -0.5928468636567625 -1 -0.10855840053480925
52 1 0.0 -1 -0.5928468636567625 -1 -0.10855840053480925
53 1 0.0 -1 -0.5928468636567625 -1 -0.10855840053480925
54 1 0.0 -1 -0.5928468636567625 -1 -0.10855840053480925
55 1 0.0 -1 -0.5928468636567625 -1 -0.10855840053480925
56 1 0.0 -1 -0.5928468636567625 -1 -0.10855840053480925
57 1 0.0 -1 -0.5928468636567625 -1 -0.10855840053480925
58 1 0.0 -1 -0.5928468636567625 -1 -0.10855840053480925
59 1 0.0 -1 -0.5928468636567625 -1 -0.10855840053480925
60 1 0.0 -1 -0.5928468636567625 -1 -0.10855840053480925
61 1 0.0 -1 -0.5928468636567625 -1 -0.10855840053480925
62 1 0.0 -1 -0.5928468636567625 -1 -0.10855840053480925
63 1 0.0 -1 -0.5928468636567625 -1 -0.10855840053480925
64 1 0.0 -1 -0.5928468636567625 -1 -0.10855840053480925
65 1 0.0 -1 -0.5928468636567625 -1 -0.10855840053480925
66 1 0.0 -1 -0.5928468636567625 -1 -0.10855840053480925
67 1 0.0 -1 -0.5928468636567625 -1 -0.10855840053480925
68 1 0.0 -1 -0.5928468636567625 -1 -0.10855840053480925
69 1 0.0 -1 -0.5928468636567625 -1 -0.10855840053480925
70 1 0.0 -1 -0.5928468636567625 -1 -0.10855840053480925
71 1 0.0 -1 -0.5928468636567625 -1 -0.10855840053480925
72 1 0.0 -1 -0.5928468636567625 -1 -0.10855840053480925
73 1 0.0 -1 -0.5928468636567625 -1 -0.10855840053480925
74 1 0.0 -1 -0.5928468636567625 -1 -0.10855840053480925
75 1 0.0 -1 -0.5928468636567625 -1 -0.10855840053480925
76 1 0.0 -1 -0.5928468636567625 -1 -0.10855840053480925
77 1 0.0 -1 -0.5928468636567625 -1 -0.10855840053480925
78 1 0.0 -1 -0.5928468636567625 -1 -0.10855840053480925
79 1 0.0 -1 -0.5928468636567625 -1 -0.10855840053480925
80 1 0.0 -1 -0.5928468636567625 -1 -0.10855840053480925
81 1 0.0 -1 -0.5928468636567625 -1 -0.10855840053480925
82 1 0.0 -1 -0.5928468636567625 -1 -0.10855840053480925
83 1 0.0 -1 -0.5928468636567625 -1 -0.10855840053480925
84 1 0.0 -1 -0.5928468636567625 -1 -0.10855840053480925
85 1 0.0 -1 -0.5928468636567625 -1 -0.10855840053480925
86 1 0.0 -1 -0.5928468636567625 -1 -0.10855840053480925
87 1 0.0 -1 -0.5928468636567625 -1 -0.10855840053480925
88 1 0.0 -1 -0.5928468636567625 -1 -0.10855840053480925
89 1 0.0 -1 -0.5928468636567625 -1 -0.10855840053480925
90 1 0.0 -1 -0.5928468636567625 -1 -0.10855840053480925
91 1 0.0 -1 -0.5928468636567625 -1 -0.10855840053480925
92 1 0.0 -1 -0.5928468636567625 -1 -0.10855840053480925
93 1 0.0 -1 -0.5928468636567625 -1 -0.10855840053480925
94 1 0.0 -1 -0.5928468636567625 -1 -0.10855840053480925
95 1 0.0 -1 -0.5928468636567625 -1 -0.10855840053480925
96 1 0.0 -1 -0.5928468636567625 -1 -0.10855840053480925
97 1 0.0 -1 -0.5928468636567625 -1 -0.10855840053480925
98 1 0.0 -1 -0.5928468636567625 -1 -0.10855840053480925
99 1 0.0 -1 -0.5928468636567625 -1 -0.10855840053480925
100 1 0.0 -1 -0.5928468636567625 -1 -0.10855840053480925
101 1 0.0 -1 -0.5928468636567625 -1 -0.10855840053480925
102 1 0.0 -1 -0.5928468636567625 -1 -0.10855840053480925
103 1 0.0 -1 -0.5928468636567625 -1 -0.10855840053480925
104 1 0.0 -1 -0.5928468636567625 -1 -0.10855840053480925
105 1 0.0 -1 -0.5928468636567625 -1 -0.10855840053480925
106 1 0.0 -1 -0.5928468636567625 -1 -0.10855840053480925
107 1 0.0 -1 -0.5928468636567625 -1 -0.10855840053480925
108 1 0.0 -1 -0.5928468636567625 -1 -0.10855840053480925
109 1 0.0 -1 -0.5928468636567625 -1 -0.10855840053480925
110 1 0.0 -1 -0.5928468636567625 -1 -0.10855840053480925
111 1 0.0 -1 -0.5928468636567625 -1 -0.10855840053480925
112 1 0.0 -1 -0.5928468636567625 -1 -0.10855840053480925
113 1 0.0 -1 -0.5928468636567625 -1 -0.10855840053480925
114 1 0.0 -1 -0.5928468636567625 -1 -0.10855840053480925
115 1 0.0 -1 -0.5928468636567625 -1 -0.10855840053480925
116 1 0.0 -1 -0.5928468636567625 -1 -0.10855840053480925
117 1 0.0 -1 -0.5928468636567625 -1 -0.10855840053480925
118 1 0.0 -1 -0.5928468636567625 -1 -0.10855840053480925
119 1 0.0 -1 -0.5928468636567625 -1 -0.10855840053480925
120 1 0.0 -1 -0.5928468636567625 -1 -0.10855840053480925
121 1 0.0 -1 -0.5928468636567625 -1 -0.10855840053480925
122 1 0.0 -1 -0.5928468636567625 -1 -0.10855840053480925
123 1 0.0 -1 -0.5928468636567625 -1 -0.10855840053480925
124 1 0.0 -1 -0.5928468636567625 -1 -0.10855840053480925
125 1 0.0 -1 -0.5928468636567625 -1 -0.10855840053480925
126 1 0.0 -1 -0.5928468636567625 -1 -0.10855840053480925
127 1 0.0 -1 -0.5928468636567625 -1 -0.10855840053480925
128 1 0.0 -1 -0.5928468636567625 -1 -0.10855840053480925
129 1 0.0 -1 -0.5928468636567625 -1 -0.10855840053480925
130 1 0.0 -1 -0.5928468636567625 -1 -0.10855840053480925
131 1 0.0 -1 -0.5928468636567625 -1 -0.10855840053480925
132 1 0.0 -1 -0.5928468636567625 -1 -0.10855840053480925
133 1 0.0 -1 -0.5928468636567625 -1 -0.10855840053480925
134 1 0.0 -1 -0.5928468636567625 -1 -0.10855840053480925
135 1 0.0 -1 -0.5928468636567625 -1 -0.10855840053480925
136 1 0.0 -1 -0.5928468636567625 -1 -0.10855840053480925
137 1 0.0 -1 -0.5928468636567625 -1 -0.10855840053480925
138 1 0.0 -1 -0.5928468636567625 -1 -0.10855840053480925
139 1 0.0 -1 -0.5928468636567625 -1 -0.10855840053480925
140 1 0.0 -1 -0.5928468636567625 -1 -0.10855840053480925
141 1 0.0 -1 -0.5928468636567625 -1 -0.10855840053480925
142 1 0.0 -1 -0.5928468636567625 -1 -0.10855840053480925
143 1 0.0 -1 -0.5928468636567625 -1 -0.10855840053480925
144 1 0.0 -1 -0.5928468636567625 -1 -0.10855840053480925
145 1 0.0 -1 -0.5928468636567625 -1 -0.10855840053480925
146 1 0.0 -1 -0.5928468636567625 -1 -0.10855840053480925
147 1 0.0 -1 -0.5928468636567625 -1 -0.10855840053480925
148 1 0.0 -1 -0.5928468636567625 -1 -0.10855840053480925
149 1 0.0 -1 -0.5928468636567625 -1 -0.10855840053480925
150 1 0.0 -1 -0.5928468636567625 -1 -0.10855840053480925
151 1 0.0 -1 -0.5928468636567625 -1 -0.10855840053480925
152 1 0.0 -1 -0.5928468636567625 -1 -0.10855840053480925
153 1 0.0 -1 -0.5928468636567625 -1 -0.10855840053480925
154 1 0.0 -1 -0.5928468636567625 -1 -0.10855840053480925
155 1 0.0 -1 -0.5928468636567625 -1 -0.10855840053480925
156 1 0.0 -1 -0.5928468636567625 -1 -0.10855840053480925
157 1 0.0 -1 -0.5928468636567625 -1 -0.10855840053480925
158 1 0.0 -1 -0.5928468636567625 -1 -0.10855840053480925
159 1 0.0 -1 -0.5928468636567625 -1 -0.10855840053480925
160 1 0.0 -1 -0.5928468636567625 -1 -0.10855840053480925
161 1 0.0 -1 -0.5928468636567625 -1 -0.10855840053480925
162 1 0.0 -1 -0.5928468636567625 -1 -0.10855840053480925
163 1 0.0 -1 -0.5928468636567625 -1 -0.10855840053480925
164 1 0.0 -1 -0.5928468636567625 -1 -0.10855840053480925
165 1 0.0 -1 -0.5928468636567625 -1 -0.10855840053480925
166 1 0.0 -1 -0.5928468636567625 -1 -0.10855840053480925
167 1 0.0 -1 -0.5928468636567625 -1 -0.10855840053480925
168 1 0.0 -1 -0.5928468636567625 -1 -0.10855840053480925
169 1 0.0 -1 -0.5928468636567625 -1 -0.10855840053480925
170 1 0.0 -1 -0.5928468636567625 -1 -0.10855840053480925
171 1 0.0 -1 -0.5928468636567625 -1 -0.10855840053480925
172 1 0.0 -1 -0.5928468636567625 -1 -0.10855840053480925
173 1 0.0 -1 -0.5928468636567625 -1 -0.10855840053480925
174 1 0.0 -1 -0.5928468636567625 -1 -0.10855840053480925
175 1 0.0 -1 -0.5928468636567625 -1 -0.10855840053480925
176 1 0.0 -1 -0.5928468636567625 -1 -0.10855840053480925
177 1 0.0 -1 -0.5928468636567625 -1 -0.10855840053480925
178 1 0.0 -1 -0.5928468636567625 -1 -0.10855840053480925
179 1 0.0 -1 -0.5928468636567625 -1 -0.10855840053480925
180 1 0.0 -1 -0.5928468636567625 -1 -0.10855840053480925
181 1 0.0 -1 -0.5928468636567625 -1 -0.10855840053480925
182 1 0.0 -1 -0.5928468636567625 -1 -0.10855840053480925
183 1 0.0 -1 -0.5928468636567625 -1 -0.10855840053480925
184 1 0.0 -1 -0.5928468636567625 -1 -0.10855840053480925
185 1 0.0 -1 -0.5928468636567625 -1 -0.10855840053480925
186 1 0.0 -1 -0.5928468636567625 -1 -0.10855840053480925
187 1 0.0 -1 -0.5928468636567625 -1 -0.10855840053480925
188 1 0.0 -1 -0.5928468636567625 -1 -0.10855840053480925
189 1 0.0 -1 -0.5928468636567625 -1 -0.10855840053480925
190 1 0.0 -1 -0.5928468636567625 -1 -0.10855840053480925
191 1 0.0 -1 -0.5928468636567625 -1 -0.10855840053480925
192 1 0.0 -1 -0.5928468636567625 -1 -0.10855840053480925
193 1 0.0 -1 -0.5928468636567625 -1 -0.10855840053480925
194 1 0.0 -1 -0.5928468636567625 -1 -0.10855840053480925
195 1 0.0 -1 -0.5928468636567625 -1 -0.10855840053480925
196 1 0.0 -1 -0.5928468636567625 -1 -0.10855840053480925
197 1 0.0 -1 -0.5928468636567625 -1 -0.10855840053480925
198 1 0.0 -1 -0.5928468636567625 -1 -0.10855840053480925
199 1 0.0 -1 -0.5928468636567625 -1 -0.10855840053480925
200 1 0.0 -1 -0.5928468636567625 -1 -0.10855840053480925
201 1 0.0 -1 -0.5928468636567625 -1 -0.10855840053480925
202 1 0.0 -1 -0.5928468636567625 -1 -0.10855840053480925
203 1 0.0 -1 -0.5928468636567625 -1 -0.10855840053480925
204 1 0.0 -1 -0.5928468636567625 -1 -0.10855840053480925
205 1 0.0 -1 -0.5928468636567625 -1 -0.10855840053480925
206 1 0.0 -1 -0.5928468636567625 -1 -0.10855840053480925
207 1 0.0 -1 -0.5928468636567625 -1 -0.10855840053480925
208 1 0.0 -1 -0.5928468636567625 -1 -0.10855840053480925
209 1 0.0 -1 -0.5928468636567625 -1 -0.10855840053480925
210 1 0.0 -1 -0.5928468636567625 -1 -0.10855840053480925
211 1 0.0 -1 -0.5928468636567625 -1 -0.10855840053480925
212 1 0.0 -1 -0.5928468636567625 -1 -0.10855840053480925
213 1 0.0 -1 -0.5928468636567625 -1 -0.10855840053480925
214 1 0.0 -1 -0.5928468636567625 -1 -0.10855840053480925
215 1 0.0 -1 -0.5928468636567625 -1 -0.10855840053480925
216 1 0.0 -1 -0.5928468636567625 -1 -0.10855840053480925
217 1 0.0 -1 -0.5928468636567625 -1 -0.10855840053480925
218 1 0.0 -1 -0.5928468636567625 -1 -0.10855840053480925
219 1 0.0 -1 -0.5928468636567625 -1 -0.10855840053480925
220 1 0.0 -1 -0.5928468636567625 -1 -0.10855840053480925
221 1 0.0 -1 -0.5928468636567625 -1 -0.10855840053480925
222 1 0.0 -1 -0.5928468636567625 -1 -0.10855840053480925
223 1 0.0 -1 -0.5928468636567625 -1 -0.10855840053480925
224 1 0.0 -1 -0.5928468636567625 -1 -0.10855840053480925
225 1 0.0 -1 -0.5928468636567625 -1 -0.10855840053480925
226 1 0.0 -1 -0.5928468636567625 -1 -0.10855840053480925
227 1 0.0 -1 -0.5928468636567625 -1 -0.10855840053480925
228 1 0.0 -1 -0.5928468636567625 -1 -0.10855840053480925
229 1 0.0 -1 -0.5928468636567625 -1 -0.10855840053480925
230 1 0.0 -1 -0.5928468636567625 -1 -0.10855840053480925
231 1 0.0 -1 -0.5928468636567625 -1 -0.10855840053480925
232 1 0.0 -1 -0.5928468636567625 -1 -0.10855840053480925
233 1 0.0 -1 -0.5928468636567625 -1 -0.10855840053480925
234 1 0.0 -1 -0.5928468636567625 -1 -0.10855840053480925
235 1 0.0 -1 -0.5928468636567625 -1 -0.10855840053480925
236 1 0.0 -1 -0.5928468636567625 -1 -0.10855840053480925
237 1 0.0 -1 -0.5928468636567625 -1 -0.10855840053480925
238 1 0.0 -1 -0.5928468636567625 -1 -0.10855840053480925
239 1 0.0 -1 -0.5928468636567625 -1 -0.10855840053480925
240 1 0.0 -1 -0.5928468636567625 -1 -0.10855840053480925
241 1 0.0 -1 -0.5928468636567625 -1 -0.10855840053480925
242 1 0.0 -1 -0.5928468636567625 -1 -0.10855840053480925
243 1 0.0 -1 -0.5928468636567625 -1 -0.10855840053480925
244 1 0.0 -1 -0.5928468636567625 -1 -0.10855840053480925
245 1 0.0 -1 -0.5928468636567625 -1 -0.10855840053480925
246 1 0.0 -1 -0.5928468636567625 -1 -0.10855840053480925
247 1 0.0 -1 -0.5928468636567625 -1 -0.10855840053480925
248 1 0.0 -1 -0.5928468636567625 -1 -0.10855840053480925
249 1 0.0 -1 -0.5928468636567625 -1 -0.10855840053480925
250 1 0.0 -1 -0.5928468636567625 -1 -0.10855840053480925
251 1 0.0 -1 -0.5928468636567625 -1 -0.10855840053480925
252 1 0.0 -1 -0.5928468636567625 -1 -0.10855840053480925
253 1 0.0 -1 -0.5928468636567625 -1 -0.10855840053480925
254 1 0.0 -1 -0.5928468636567625 -1 -0.10855840053480925
255 1 0.0 -1 -0.5928468636567625 -1 -0.10855840053480925
256 1 0.0 -1 -0.5928468636567625 -1 -0.10855840053480925
257 1 0.0 -1 -0.5928468636567625 -1 -0.10855840053480925
258 1 0.0 -1 -0.5928468636567625 -1 -0.10855840053480925
259 1 0.0 -1 -0.5928468636567625 -1 -0.10855840053480925
260 1 0.0 -1 -0.5928468636567625 -1 -0.10855840053480925
261 1 0.0 -1 -0.5928468636567625 -1 -0.10855840053480925
262 1 0.0 -1 -0.5928468636567625 -1 -0.10855840053480925
263 1 0.0 -1 -0.5928468636567625 -1 -0.10855840053480925
264 1 0.0 -1 -0.5928468636567625 -1 -0.10855840053480925
265 1 0.0 -1 -0.5928468636567625 -1 -0.10855840053480925
266 1 0.0 -1 -0.5928468636567625 -1 -0.10855840053480925
267 1 0.0 -1 -0.5928468636567625 -1 -0.10855840053480925
268 1 0.0 -1 -0.5928468636567625 -1 -0.10855840053480925
269 1 0.0 -1 -0.5928468636567625 -1 -0.10855840053480925
270 1 0.0 -1 -0.5928468636567625 -1 -0.10855840053480925
271 1 0.0 -1 -0.5928468636567625 -1 -0.10855840053480925
272 1 0.0 -1 -0.5928468636567625 -1 -0.10855840053480925
273 1 0.0 -1 -0.5928468636567625 -1 -0.10855840053480925
274 1 0.0 -1 -0.5928468636567625 -1 -0.10855840053480925
275 1 0.0 -1 -0.5928468636567625 -1 -0.10855840053480925
276 1 0.0 -1 -0.5928468636567625 -1 -0.10855840053480925
277 1 0.0 -1 -0.5928468636567625 -1 -0.10855840053480925
278 1 0.0 -1 -0.5928468636567625 -1 -0.10855840053480925
279 1 0.0 -1 -0.5928468636567625 -1 -0.10855840053480925
280 1 0.0 -1 -0.5928468636567625 -1 -0.10855840053480925
281 1 0.0 -1 -0.5928468636567625 -1 -0.10855840053480925
282 1 0.0 -1 -0.5928468636567625 -1 -0.10855840053480925
283 1 0.0 -1 -0.5928468636567625 -1 -0.10855840053480925
284 1 0.0 -1 -0.5928468636567625 -1 -0.10855840053480925
285 1 0.0 -1 -0.5928468636567625 -1 -0.10855840053480925
286 1 0.0 -1 -0.5928468636567625 -1 -0.10855840053480925
287 1 0.0 -1 -0.5928468636567625 -1 -0.10855840053480925
288 1 0.0 -1 -0.5928468636567625 -1 -0.10855840053480925
289 1 0.0 -1 -0.5928468636567625 -1 -0.10855840053480925
290 1 0.0 -1 -0.5928468636567625 -1 -0.10855840053480925
291 1 0.0 -1 -0.5928468636567625 -1 -0.10855840053480925
292 1 0.0 -1 -0.5928468636567625 -1 -0.10855840053480925
293 1 0.0 -1 -0.5928468636567625 -1 -0.10855840053480925
294 1 0.0 -1 -0.5928468636567625 -1 -0.10855840053480925
295 1 0.0 -1 -0.5928468636567625 -1 -0.10855840053480925
296 1 0.0 -1 -0.5928468636567625 -1 -0.10855840053480925
297 1 0.0 -1 -0.5928468636567625 -1 -0.10855840053480925
298 1 0.0 -1 -0.5928468636567625 -1 -0.10855840053480925
299 1 0.0 -1 -0.5928468636567625 -1 -0.10855840053480925
300 1 0.0 -1 -0.5928468636567625 -1 -0.10855840053480925
301 1 0.0 -1 -0.5928468636567625 -1 -0.10855840053480925
302 1 0.0 -1 -0.5928468636567625 -1 -0.10855840053480925
303 1 0.0 -1 -0.5928468636567625 -1 -0.10855840053480925
304 1 0.0 -1 -0.5928468636567625 -1 -0.10855840053480925
305 1 0.0 -1 -0.5928468636567625 -1 -0.10855840053480925
306 1 0.0 -1 -0.5928468636567625 -1 -0.10855840053480925
307 1 0.0 -1 -0.5928468636567625 -1 -0.10855840053480925
308 1 0.0 -1 -0.5928468636567625 -1 -0.10855840053480925
309 1 0.0 -1 -0.5928468636567625 -1 -0.10855840053480925
310 1 0.0 -1 -0.5928468636567625 -1 -0.10855840053480925
311 1 0.0 -1 -0.5928468636567625 -1 -0.10855840053480925
312 1 0.0 -1 -0.5928468636567625 -1 -0.10855840053480925
313 1 0.0 -1 -0.5928468636567625 -1 -0.10855840053480925
314 1 0.0 -1 -0.5928468636567625 -1 -0.10855840053480925
315 1 0.0 -1 -0.5928468636567625 -1 -0.10855840053480925
316 1 0.0 -1 -0.5928468636567625 -1 -0.10855840053480925
317 1 0.0 -1 -0.5928468636567625 -1 -0.10855840053480925
318 1 0.0 -1 -0.5928468636567625 -1 -0.10855840053480925
319 1 0.0 -1 -0.5928468636567625 -1 -0.10855840053480925
320 1 0.0 -1 -0.5928468636567625 -1 -0.10855840053480925
321 1 0.0 -1 -0.5928468636567625 -1 -0.10855840053480925
322 1 0.0 -1 -0.5928468636567625 -1 -0.10855840053480925
323 1 0.0 -1 -0.5928468636567625 -1 -0.10855840053480925
324 1 0.0 -1 -0.5928468636567625 -1 -0.10855840053480925
325 1 0.0 -1 -0.5928468636567625 -1 -0.10855840053480925
326 1 0.0 -1 -0.5928468636567625 -1 -0.10855840053480925
327 1 0.0 -1 -0.5928468636567625 -1 -0.10855840053480925
328 1 0.0 -1 -0.5928468636567625 -1 -0.10855840053480925
329 1 0.0 -1 -0.5928468636567625 -1 -0.10855840053480925
330 1 0.0 -1 -0.5928468636567625 -1 -0.10855840053480925
331 1 0.0 -1 -0.5928468636567625 -1 -0.10855840053480925
332 1 0.0 -1 -0.5928468636567625 -1 -0.10855840053480925
333 1 0.0 -1 -0.5928468636567625 -1 -0.10855840053480925
334 1 0.0 -1 -0.5928468636567625 -1 -0.10855840053480925
335 1 0.0 -1 -0.5928468636567625 -1 -0.10855840053480925
336 1 0.0 -1 -0.5928468636567625 -1 -0.10855840053480925
337 1 0.0 -1 -0.5928468636567625 -1 -0.10855840053480925
338 1 0.0 -1 -0.5928468636567625 -1 -0.10855840053480925
339 1 0.0 -1 -0.5928468636567625 -1 -0.10855840053480925
340 1 0.0 -1 -0.5928468636567625 -1 -0.10855840053480925
341 1 0.0 -1 -0.5928468636567625 -1 -0.10855840053480925
342 1 0.0 -1 -0.5928468636567625 -1 -0.10855840053480925
343 1 0.0 -1 -0.5928468636567625 -1 -0.10855840053480925
344 1 0.0 -1 -0.5928468636567625 -1 -0.10855840053480925
345 1 0.0 -1 -0.5928468636567625 -1 -0.10855840053480925
346 1 0.0 -1 -0.5928468636567625 -1 -0.10855840053480925
347 1 0.0 -1 -0.5928468636567625 -1 -0.10855840053480925
348 1 0.0 -1 -0.5928468636567625 -1 -0.10855840053480925
349 1 0.0 -1 -0.5928468636567625 -1 -0.10855840053480925
350 1 0.0 -1 -0.5928468636567625 -1 -0.10855840053480925
351 1 0.0 -1 -0.5928468636567625 -1 -0.10855840053480925
352 1 0.0 -1 -0.5928468636567625 -1 -0.10855840053480925
353 1 0.0 -1 -0.5928468636567625 -1 -0.10855840053480925
354 1 0.0 -1 -0.5928468636567625 -1 -0.10855840053480925
355 1 0.0 -1 -0.5928468636567625 -1 -0.10855840053480925
356 1 0.0 -1 -0.5928468636567625 -1 -0.10855840053480925
357 1 0.0 -1 -0.5928468636567625 -1 -0.10855840053480925
358 1 0.0 -1 -0.5928468636567625 -1 -0.10855840053480925
359 1 0.0 -1 -0.5928468636567625 -1 -0.10855840053480925
360 1 0.0 -1 -0.5928468636567625 -1 -0.10855840053480925
361 1 0.0 -1 -0.5928468636567625 -1 -0.10855840053480925
362 1 0.0 -1 -0.5928468636567625 -1 -0.10855840053480925
363 1 0.0 -1 -0.5928468636567625 -1 -0.10855840053480925
364 1 0.0 -1 -0.5928468636567625 -1 -0.10855840053480925
365 1 0.0 -1 -0.5928468636567625 -1 -0.10855840053480925
366 1 0.0 -1 -0.5928468636567625 -1 -0.10855840053480925
367 1 0.0 -1 -0.5928468636567625 -1 -0.10855840053480925
368 1 0.0 -1 -0.5928468636567625 -1 -0.10855840053480925
369 1 0.0 -1 -0.5928468636567625 -1 -0.10855840053480925
370 1 0.0 -1 -0.5928468636567625 -1 -0.10855840053480925
371 1 0.0 -1 -0.5928468636567625 -1 -0.10855840053480925
372 1 0.0 -1 -0.5928468636567625 -1 -0.10855840053480925
373 1 0.0 -1 -0.5928468636567625 -1 -0.10855840053480925
374 1 0.0 -1 -0.5928468636567625 -1 -0.10855840053480925
375 1 0.0 -1 -0.5928468636567625 -1 -0.10855840053480925
376 1 0.0 -1 -0.5928468636567625 -1 -0.10855840053480925
377 1 0.0 -1 -0.5928468636567625 -1 -0.10855840053480925
378 1 0.0 -1 -0.5928468636567625 -1 -0.10855840053480925
379 1 0.0 -1 -0.5928468636567625 -1 -0.10855840053480925
380 1 0.0 -1 -0.5928468636567625 -1 -0.10855840053480925
381 1 0.0 -1 -0.5928468636567625 -1 -0.10855840053480925
382 1 0.0 -1 -0.5928468636567625 -1 -0.10855840053480925
383 1 0.0 -1 -0.5928468636567625 -1 -0.10855840053480925
384 1 0.0 -1 -0.5928468636567625 -1 -0.10855840053480925
385 1 0.0 -1 -0.5928468636567625 -1 -0.10855840053480925
386 1 0.0 -1 -0.5928468636567625 -1 -0.10855840053480925
387 1 0.0 -1 -0.5928468636567625 -1 -0.10855840053480925
388 1 0.0 -1 -0.5928468636567625 -1 -0.10855840053480925
389 1 0.0 -1 -0.5928468636567625 -1 -0.10855840053480925
390 1 0.0 -1 -0.5928468636567625 -1 -0.10855840053480925
391 1 0.0 -1 -0.5928468636567625 -1 -0.10855840053480925
392 1 0.0 -1 -0.5928468636567625 -1 -0.10855840053480925
393 1 0.0 -1 -0.5928468636567625 -1 -0.10855840053480925
394 1 0.0 -1 -0.5928468636567625 -1 -0.10855840053480925
395 1 0.0 -1 -0.5928468636567625 -1 -0.10855840053480925
396 1 0.0 -1 -0.5928468636567625 -1 -0.10855840053480925
397 1 0.0 -1 -0.5928468636567625 -1 -0.10855840053480925
398 1 0.0 -1 -0.5928468636567625 -1 -0.10855840053480925
399 1 0.0 -1 -0.5928468636567625 -1 -0.10855840053480925
400 1 0.0 -1 -0.5928468636567625 -1 -0.10855840053480925
401 1 0.0 -1 -0.5928468636567625 -1 -0.10855840053480925
402 1 0.0 -1 -0.5928468636567625 -1 -0.10855840053480925
403 1 0.0 -1 -0.5928468636567625 -1 -0.10855840053480925
404 1 0.0 -1 -0.5928468636567625 -1 -0.10855840053480925
405 1 0.0 -1 -0.5928468636567625 -1 -0.10855840053480925
406 1 0.0 -1 -0.5928468636567625 -1 -0.10855840053480925
407 1 0.0 -1 -0.5928468636567625 -1 -0.10855840053480925
408 1 0.0 -1 -0.5928468636567625 -1 -0.10855840053480925
409 1 0.0 -1 -0.5928468636567625 -1 -0.10855840053480925
410 1 0.0 -1 -0.5928468636567625 -1 -0.10855840053480925
411 1 0.0 -1 -0.5928468636567625 -1 -0.10855840053480925
412 1 0.0 -1 -0.5928468636567625 -1 -0.10855840053480925
413 1 0.0 -1 -0.5928468636567625 -1 -0.10855840053480925
414 1 0.0 -1 -0.5928468636567625 -1 -0.10855840053480925
415 1 0.0 -1 -0.5928468636567625 -1 -0.10855840053480925
416 1 0.0 -1 -0.5928468636567625 -1 -0.10855840053480925
417 1 0.0 -1 -0.5928468636567625 -1 -0.10855840053480925
418 1 0.0 -1 -0.5928468636567625 -1 -0.10855840053480925
419 1 0.0 -1 -0.5928468636567625 -1 -0.10855840053480925
420 1 0.0 -1 -0.5928468636567625 -1 -0.10855840053480925
421 1 0.0 -1 -0.5928468636567625 -1 -0.10855840053480925
422 1 0.0 -1 -0.5928468636567625 -1 -0.10855840053480925
423 1 0.0 -1 -0.5928468636567625 -1 -0.10855840053480925
424 1 0.0 -1 -0.5928468636567625 -1 -0.10855840053480925
425 1 0.0 -1 -0.5928468636567625 -1 -0.10855840053480925
426 1 0.0 -1 -0.5928468636567625 -1 -0.10855840053480925
427 1 0.0 -1 -0.5928468636567625 -1 -0.10855840053480925
428 1 0.0 -1 -0.5928468636567625 -1 -0.10855840053480925
429 1 0.0 -1 -0.5928468636567625 -1 -0.10855840053480925
430 1 0.0 -1 -0.5928468636567625 -1 -0.10855840053480925
431 1 0.0 -1 -0.5928468636567625 -1 -0.10855840053480925
432 1 0.0 -1 -0.5928468636567625 -1 -0.10855840053480925
433 1 0.0 -1 -0.5928468636567625 -1 -0.10855840053480925
434 1 0.0 -1 -0.5928468636567625 -1 -0.10855840053480925
435 1 0.0 -1 -0.5928468636567625 -1 -0.10855840053480925
436 1 0.0 -1 -0.5928468636567625 -1 -0.10855840053480925
437 1 0.0 -1 -0.5928468636567625 -1 -0.10855840053480925
438 1 0.0 -1 -0.5928468636567625 -1 -0.10855840053480925
439 1 0.0 -1 -0.5928468636567625 -1 -0.10855840053480925
440 1 0.0 -1 -0.5928468636567625 -1 -0.10855840053480925
441 1 0.0 -1 -0.5928468636567625 -1 -0.10855840053480925
442 1 0.0 -1 -0.5928468636567625 -1 -0.10855840053480925
443 1 0.0 -1 -0.5928468636567625 -1 -0.10855840053480925
444 1 0.0 -1 -0.5928468636567625 -1 -0.10855840053480925
445 1 0.0 -1 -0.5928468636567625 -1 -0.10855840053480925
446 1 0.0 -1 -0.5928468636567625 -1 -0.10855840053480925
447 1 0.0 -1 -0.5928468636567625 -1 -0.10855840053480925
448 1 0.0 -1 -0.5928468636567625 -1 -0.10855840053480925
449 1 0.0 -1 -0.5928468636567625 -1 -0.10855840053480925
450 1 0.0 -1 -0.5928468636567625 -1 -0.10855840053480925
451 1 0.0 -1 -0.5928468636567625 -1 -0.10855840053480925
452 1 0.0 -1 -0.5928468636567625 -1 -0.10855840053480925
453 1 0.0 -1 -0.5928468636567625 -1 -0.10855840053480925
454 1 0.0 -1 -0.5928468636567625 -1 -0.10855840053480925
455 1 0.0 -1 -0.5928468636567625 -1 -0.10855840053480925
456 1 0.0 -1 -0.5928468636567625 -1 -0.10855840053480925
457 1 0.0 -1 -0.5928468636567625 -1 -0.10855840053480925
458 1 0.0 -1 -0.5928468636567625 -1 -0.10855840053480925
459 1 0.0 -1 -0.5928468636567625 -1 -0.10855840053480925
460 1 0.0 -1 -0.5928468636567625 -1 -0.10855840053480925
461 1 0.0 -1 -0.5928468636567625 -1 -0.10855840053480925
462 1 0.0 -1 -0.5928468636567625 -1 -0.10855840053480925
463 1 0.0 -1 -0.5928468636567625 -1 -0.10855840053480925
464 1 0.0 -1 -0.5928468636567625 -1 -0.10855840053480925
465 1 0.0 -1 -0.5928468636567625 -1 -0.10855840053480925
466 1 0.0 -1 -0.5928468636567625 -1 -0.10855840053480925
467 1 0.0 -1 -0.5928468636567625 -1 -0.10855840053480925
468 1 0.0 -1 -0.5928468636567625 -1 -0.10855840053480925
469 1 0.0 -1 -0.5928468636567625 -1 -0.10855840053480925
470 1 0.0 -1 -0.5928468636567625 -1 -0.10855840053480925
471 1 0.0 -1 -0.5928468636567625 -1 -0.10855840053480925
472 1 0.0 -1 -0.5928468636567625 -1 -0.10855840053480925
473 1 0.0 -1 -0.5928468636567625 -1 -0.10855840053480925
474 1 0.0 -1 -0.5928468636567625 -1 -0.10855840053480925
475 1 0.0 -1 -0.5928468636567625 -1 -0.10855840053480925
476 1 0.0 -1 -0.5928468636567625 -1 -0.10855840053480925
477 1 0.0 -1 -0.5928468636567625 -1 -0.10855840053480925
478 1 0.0 -1 -0.5928468636567625 -1 -0.10855840053480925
479 1 0.0 -1 -0.5928468636567625 -1 -0.10855840053480925
480 1 0.0 -1 -0.5928468636567625 -1 -0.10855840053480925
481 1 0.0 -1 -0.5928468636567625 -1 -0.10855840053480925
482 1 0.0 -1 -0.5928468636567625 -1 -0.10855840053480925
483 1 0.0 -1 -0.5928468636567625 -1 -0.10855840053480925
484 1 0.0 -1 -0.5928468636567625 -1 -0.10855840053480925
485 1 0.0 -1 -0.5928468636567625 -1 -0.10855840053480925
486 1 0.0 -1 -0.5928468636567625 -1 -0.10855840053480925
487 1 0.0 -1 -0.5928468636567625 -1 -0.10855840053480925
488 1 0.0 -1 -0.5928468636567625 -1 -0.10855840053480925
489 1 0.0 -1 -0.5928468636567625 -1 -0.10855840053480925
490 1 0.0 -1 -0.5928468636567625 -1 -0.10855840053480925
491 1 0.0 -1 -0.5928468636567625 -1 -0.10855840053480925
492 1 0.0 -1 -0.5928468636567625 -1 -0.10855840053480925
493 1 0.0 -1 -0.5928468636567625 -1 -0.10855840053480925
494 1 0.0 -1 -0.5928468636567625 -1 -0.10855840053480925
495 1 0.0 -1 -0.5928468636567625 -1 -0.10855840053480925
496 1 0.0 -1 -0.5928468636567625 -1 -0.10855840053480925
497 1 0.0 -1 -0.5928468636567625 -1 -0.10855840053480925
498 1 0.0 -1 -0.5928468636567625 -1 -0.10855840053480925
499 1 0.0 -1 -0.5928468636567625 -1 -0.10855840053480925
500 1 0.0 -1 -0.5928468636567625 -1 -0.10855840053480925
501 1 0.0 -1 -0.5928468636567625 -1 -0.10855840053480925
502 1 0.0 -1 -0.5928468636567625 -1 -0.10855840053480925
503 1 0.0 -1 -0.5928468636567625 -1 -0.10855840053480925
504 1 0.0 -1 -0.5928468636567625 -1 -0.10855840053480925
505 1 0.0 -1 -0.5928468636567625 -1 -0.10855840053480925
506 1 0.0 -1 -0.5928468636567625 -1 -0.10855840053480925
507 1 0.0 -1 -0.5928468636567625 -1 -0.10855840053480925
508 1 0.0 -1 -0.5928468636567625 -1 -0.10855840053480925
509 1 0.0 -1 -0.5928468636567625 -1 -0.10855840053480925
510 1 0.0 -1 -0.5928468636567625 -1 -0.10855840053480925
511 1 0.0 -1 -0.5928468636567625 -1 -0.10855840053480925
512 1 0.0 -1 -0.5928468636567625 -1 -0.10855840053480925
513 1 0.0 -1 -0.5928468636567625 -1 -0.10855840053480925
514 1 0.0 -1 -0.5928468636567625 -1 -0.10855840053480925
515 1 0.0 -1 -0.5928468636567625 -1 -0.10855840053480925
516 1 0.0 -1 -0.5928468636567625 -1 -0.10855840053480925
517 1 0.0 -1 -0.5928468636567625 -1 -0.10855840053480925
518 1 0.0 -1 -0.5928468636567625 -1 -0.10855840053480925
519 1 0.0 -1 -0.5928468636567625 -1 -0.10855840053480925
520 1 0.0 -1 -0.5928468636567625 -1 -0.10855840053480925
521 1 0.0 -1 -0.5928468636567625 -1 -0.10855840053480925
522 1 0.0 -1 -0.5928468636567625 -1 -0.10855840053480925
523 1 0.0 -1 -0.5928468636567625 -1 -0.10855840053480925
524 1 0.0 -1 -0.5928468636567625 -1 -0.10855840053480925
525 1 0.0 -1 -0.5928468636567625 -1 -0.10855840053480925
526 1 0.0 -1 -0.5928468636567625 -1 -0.10855840053480925
527 1 0.0 -1 -0.5928468636567625 -1 -0.10855840053480925
528 1 0.0 -1 -0.5928468636567625 -1 -0.10855840053480925
529 1 0.0 -1 -0.5928468636567625 -1 -0.10855840053480925
530 1 0.0 -1 -0.5928468636567625 -1 -0.10855840053480925
531 1 0.0 -1 -0.5928468636567625 -1 -0.10855840053480925
532 1 0.0 -1 -0.5928468636567625 -1 -0.10855840053480925
533 1 0.0 -1 -0.5928468636567625 -1 -0.10855840053480925
534 1 0.0 -1 -0.5928468636567625 -1 -0.10855840053480925
535 1 0.0 -1 -0.5928468636567625 -1 -0.10855840053480925
536 1 0.0 -1 -0.5928468636567625 -1 -0.10855840053480925
537 1 0.0 -1 -0.5928468636567625 -1 -0.10855840053480925
538 1 0.0 -1 -0.5928468636567625 -1 -0.10855840053480925
539 1 0.0 -1 -0.5928468636567625 -1 -0.10855840053480925
540 1 0.0 -1 -0.5928468636567625 -1 -0.10855840053480925
541 1 0.0 -1 -0.5928468636567625 -1 -0.10855840053480925
542 1 0.0 -1 -0.5928468636567625 -1 -0.10855840053480925
543 1 0.0 -1 -0.5928468636567625 -1 -0.10855840053480925
544 1 0.0 -1 -0.5928468636567625 -1 -0.10855840053480925
545 1 0.0 -1 -0.5928468636567625 -1 -0.10855840053480925
546 1 0.0 -1 -0.5928468636567625 -1 -0.10855840053480925
547 1 0.0 -1 -0.5928468636567625 -1 -0.10855840053480925
548 1 0.0 -1 -0.5928468636567625 -1 -0.10855840053480925
549 1 0.0 -1 -0.5928468636567625 -1 -0.10855840053480925
550 1 0.0 -1 -0.5928468636567625 -1 -0.10855840053480925
551 1 0.0 -1 -0.5928468636567625 -1 -0.10855840053480925
552 1 0.0 -1 -0.5928468636567625 -1 -0.10855840053480925
553 1 0.0 -1 -0.5928468636567625 -1 -0.10855840053480925
554 1 0.0 -1 -0.5928468636567625 -1 -0.10855840053480925
555 1 0.0 -1 -0.5928468636567625 -1 -0.10855840053480925
556 1 0.0 -1 -0.5928468636567625 -1 -0.10855840053480925
557 1 0.0 -1 -0.5928468636567625 -1 -0.10855840053480925
558 1 0.0 -1 -0.5928468636567625 -1 -0.10855840053480925
559 1 0.0 -1 -0.5928468636567625 -1 -0.10855840053480925
560 1 0.0 -1 -0.5928468636567625 -1 -0.10855840053480925
561 1 0.0 -1 -0.5928468636567625 -1 -0.10855840053480925
562 1 0.0 -1 -0.5928468636567625 -1 -0.10855840053480925
563 1 0.0 -1 -0.5928468636567625 -1 -0.10855840053480925
564 1 0.0 -1 -0.5928468636567625 -1 -0.10855840053480925
565 1 0.0 -1 -0.5928468636567625 -1 -0.10855840053480925
566 1 0.0 -1 -0.5928468636567625 -1 -0.10855840053480925
567 1 0.0 -1 -0.5928468636567625 -1 -0.10855840053480925
568 1 0.0 -1 -0.5928468636567625 -1 -0.10855840053480925
569 1 0.0 -1 -0.5928468636567625 -1 -0.10855840053480925
570 1 0.0 -1 -0.5928468636567625 -1 -0.10855840053480925
571 1 0.0 -1 -0.5928468636567625 -1 -0.10855840053480925
572 1 0.0 -1 -0.5928468636567625 -1 -0.10855840053480925
573 1 0.0 -1 -0.5928468636567625 -1 -0.10855840053480925
574 1 0.0 -1 -0.5928468636567625 -1 -0.10855840053480925
575 1 0.0 -1 -0.5928468636567625 -1 -0.10855840053480925
576 1 0.0 -1 -0.5928468636567625 -1 -0.10855840053480925
577 1 0.0 -1 -0.5928468636567625 -1 -0.10855840053480925
578 1 0.0 -1 -0.5928468636567625 -1 -0.10855840053480925
579 1 0.0 -1 -0.5928468636567625 -1 -0.10855840053480925
580 1 0.0 -1 -0.5928468636567625 -1 -0.10855840053480925
581 1 0.0 -1 -0.5928468636567625 -1 -0.10855840053480925
582 1 0.0 -1 -0.5928468636567625 -1 -0.10855840053480925
583 1 0.0 -1 -0.5928468636567625 -1 -0.10855840053480925
584 1 0.0 -1 -0.5928468636567625 -1 -0.10855840053480925
585 1 0.0 -1 -0.5928468636567625 -1 -0.10855840053480925
586 1 0.0 -1 -0.5928468636567625 -1 -0.10855840053480925
587 1 0.0 -1 -0.5928468636567625 -1 -0.10855840053480925
588 1 0.0 -1 -0.5928468636567625 -1 -0.10855840053480925
589 1 0.0 -1 -0.5928468636567625 -1 -0.10855840053480925
590 1 0.0 -1 -0.5928468636567625 -1 -0.10855840053480925
591 1 0.0 -1 -0.5928468636567625 -1 -0.10855840053480925
592 1 0.0 -1 -0.5928468636567625 -1 -0.10855840053480925
593 1 0.0 -1 -0.5928468636567625 -1 -0.10855840053480925
594 1 0.0 -1 -0.5928468636567625 -1 -0.10855840053480925
595 1 0.0 -1 -0.5928468636567625 -1 -0.10855840053480925
596 1 0.0 -1 -0.5928468636567625 -1 -0.10855840053480925
597 1 0.0 -1 -0.5928468636567625 -1 -0.10855840053480925
598 1 0.0 -1 -0.5928468636567625 -1 -0.10855840053480925
599 1 0.0 -1 -0.5928468636567625 -1 -0.10855840053480925
600 1 0.0 -1 -0.5928468636567625 -1 -0.10855840053480925
601 1 0.0 -1 -0.5928468636567625 -1 -0.10855840053480925
602 1 0.0 -1 -0.5928468636567625 -1 -0.10855840053480925
603 1 0.0 -1 -0.5928468636567625 -1 -0.10855840053480925
604 1 0.0 -1 -0.5928468636567625 -1 -0.10855840053480925
605 1 0.0 -1 -0.5928468636567625 -1 -0.10855840053480925
606 1 0.0 -1 -0.5928468636567625 -1 -0.10855840053480925
607 1 0.0 -1 -0.5928468636567625 -1 -0.10855840053480925
608 1 0.0 -1 -0.5928468636567625 -1 -0.10855840053480925
609 1 0.0 -1 -0.5928468636567625 -1 -0.10855840053480925
610 1 0.0 -1 -0.5928468636567625 -1 -0.10855840053480925
611 1 0.0 -1 -0.5928468636567625 -1 -0.10855840053480925
612 1 0.0 -1 -0.5928468636567625 -1 -0.10855840053480925
613 1 0.0 -1 -0.5928468636567625 -1 -0.10855840053480925
614 1 0.0 -1 -0.5928468636567625 -1 -0.10855840053480925
615 1 0.0 -1 -0.5928468636567625 -1 -0.10855840053480925
616 1 0.0 -1 -0.5928468636567625 -1 -0.10855840053480925
617 1 0.0 -1 -0.5928468636567625 -1 -0.10855840053480925
618 1 0.0 -1 -0.5928468636567625 -1 -0.10855840053480925
619 1 0.0 -1 -0.5928468636567625 -1 -0.10855840053480925
620 1 0.0 -1 -0.5928468636567625 -1 -0.10855840053480925
621 1 0.0 -1 -0.5928468636567625 -1 -0.10855840053480925
622 1 0.0 -1 -0.5928468636567625 -1 -0.10855840053480925
623 1 0.0 -1 -0.5928468636567625 -1 -0.10855840053480925
624 1 0.0 -1 -0.5928468636567625 -1 -0.10855840053480925
625 1 0.0 -1 -0.5928468636567625 -1 -0.10855840053480925
626 1 0.0 -1 -0.5928468636567625 -1 -0.10855840053480925
627 1 0.0 -1 -0.5928468636567625 -1 -0.10855840053480925
628 1 0.0 -1 -0.5928468636567625 -1 -0.10855840053480925
629 1 0.0 -1 -0.5928468636567625 -1 -0.10855840053480925
630 1 0.0 -1 -0.5928468636567625 -1 -0.10855840053480925
631 1 0.0 -1 -0.5928468636567625 -1 -0.10855840053480925
632 1 0.0 -1 -0.5928468636567625 -1 -0.10855840053480925
633 1 0.0 -1 -0.5928468636567625 -1 -0.10855840053480925
634 1 0.0 -1 -0.5928468636567625 -1 -0.10855840053480925
635 1 0.0 -1 -0.5928468636567625 -1 -0.10855840053480925
636 1 0.0 -1 -0.5928468636567625 -1 -0.10855840053480925
637 1 0.0 -1 -0.5928468636567625 -1 -0.10855840053480925
638 1 0.0 -1 -0.5928468636567625 -1 -0.10855840053480925
639 1 0.0 -1 -0.5928468636567625 -1 -0.10855840053480925
640 1 0.0 -1 -0.5928468636567625 -1 -0.10855840053480925
641 1 0.0 -1 -0.5928468636567625 -1 -0.10855840053480925
642 1 0.0 -1 -0.5928468636567625 -1 -0.10855840053480925
643 1 0.0 -1 -0.5928468636567625 -1 -0.10855840053480925
644 1 0.0 -1 -0.5928468636567625 -1 -0.10855840053480925
645 1 0.0 -1 -0.5928468636567625 -1 -0.10855840053480925
646 1 0.0 -1 -0.5928468636567625 -1 -0.10855840053480925
647 1 0.0 -1 -0.5928468636567625 -1 -0.10855840053480925
648 1 0.0 -1 -0.5928468636567625 -1 -0.10855840053480925
649 1 0.0 -1 -0.5928468636567625 -1 -0.10855840053480925
650 1 0.0 -1 -0.5928468636567625 -1 -0.10855840053480925
651 1 0.0 -1 -0.5928468636567625 -1 -0.10855840053480925
652 1 0.0 -1 -0.5928468636567625 -1 -0.10855840053480925
653 1 0.0 -1 -0.5928468636567625 -1 -0.10855840053480925
654 1 0.0 -1 -0.5928468636567625 -1 -0.10855840053480925
655 1 0.0 -1 -0.5928468636567625 -1 -0.10855840053480925
656 1 0.0 -1 -0.5928468636567625 -1 -0.10855840053480925
657 1 0.0 -1 -0.5928468636567625 -1 -0.10855840053480925
658 1 0.0 -1 -0.5928468636567625 -1 -0.10855840053480925
659 1 0.0 -1 -0.5928468636567625 -1 -0.10855840053480925
660 1 0.0 -1 -0.5928468636567625 -1 -0.10855840053480925
661 1 0.0 -1 -0.5928468636567625 -1 -0.10855840053480925
662 1 0.0 -1 -0.5928468636567625 -1 -0.10855840053480925
663 1 0.0 -1 -0.5928468636567625 -1 -0.10855840053480925
664 1 0.0 -1 -0.5928468636567625 -1 -0.10855840053480925
665 1 0.0 -1 -0.5928468636567625 -1 -0.10855840053480925
666 1 0.0 -1 -0.5928468636567625 -1 -0.10855840053480925
667 1 0.0 -1 -0.5928468636567625 -1 -0.10855840053480925
668 1 0.0 -1 -0.5928468636567625 -1 -0.10855840053480925
669 1 0.0 -1 -0.5928468636567625 -1 -0.10855840053480925
670 1 0.0 -1 -0.5928468636567625 -1 -0.10855840053480925
671 1 0.0 -1 -0.5928468636567625 -1 -0.10855840053480925
672 1 0.0 -1 -0.5928468636567625 -1 -0.10855840053480925
673 1 0.0 -1 -0.5928468636567625 -1 -0.10855840053480925
674 1 0.0 -1 -0.5928468636567625 -1 -0.10855840053480925
675 1 0.0 -1 -0.5928468636567625 -1 -0.10855840053480925
676 1 0.0 -1 -0.5928468636567625 -1 -0.10855840053480925
677 1 0.0 -1 -0.5928468636567625 -1 -0.10855840053480925
678 1 0.0 -1 -0.5928468636567625 -1 -0.10855840053480925
679 1 0.0 -1 -0.5928468636567625 -1 -0.10855840053480925
680 1 0.0 -1 -0.5928468636567625 -1 -0.10855840053480925
681 1 0.0 -1 -0.5928468636567625 -1 -0.10855840053480925
682 1 0.0 -1 -0.5928468636567625 -1 -0.10855840053480925
683 1 0.0 -1 -0.5928468636567625 -1 -0.10855840053480925
684 1 0.0 -1 -0.5928468636567625 -1 -0.10855840053480925
685 1 0.0 -1 -0.5928468636567625 -1 -0.10855840053480925
686 1 0.0 -1 -0.5928468636567625 -1 -0.10855840053480925
687 1 0.0 -1 -0.5928468636567625 -1 -0.10855840053480925
688 1 0.0 -1 -0.5928468636567625 -1 -0.10855840053480925
689 1 0.0 -1 -0.5928468636567625 -1 -0.10855840053480925
690 1 0.0 -1 -0.5928468636567625 -1 -0.10855840053480925
691 1 0.0 -1 -0.5928468636567625 -1 -0.10855840053480925
692 1 0.0 -1 -0.5928468636567625 -1 -0.10855840053480925
693 1 0.0 -1 -0.5928468636567625 -1 -0.10855840053480925
694 1 0.0 -1 -0.5928468636567625 -1 -0.10855840053480925
695 1 0.0 -1 -0.5928468636567625 -1 -0.10855840053480925
696 1 0.0 -1 -0.5928468636567625 -1 -0.10855840053480925
697 1 0.0 -1 -0.5928468636567625 -1 -0.10855840053480925
698 1 0.0 -1 -0.5928468636567625 -1 -0.10855840053480925
699 1 0.0 -1 -0.5928468636567625 -1 -0.10855840053480925
700 1 0.0 -1 -0.5928468636567625 -1 -0.10855840053480925
701 1 0.0 -1 -0.5928468636567625 -1 -0.10855840053480925
702 1 0.0 -1 -0.5928468636567625 -1 -0.10855840053480925
703 1 0.0 -1 -0.5928468636567625 -1 -0.10855840053480925
704 1 0.0 -1 -0.5928468636567625 -1 -0.10855840053480925
705 1 0.0 -1 -0.5928468636567625 -1 -0.10855840053480925
706 1 0.0 -1 -0.5928468636567625 -1 -0.10855840053480925
707 1 0.0 -1 -0.5928468636567625 -1 -0.10855840053480925
708 1 0.0 -1 -0.5928468636567625 -1 -0.10855840053480925
709 1 0.0 -1 -0.5928468636567625 -1 -0.10855840053480925
710 1 0.0 -1 -0.5928468636567625 -1 -0.10855840053480925
711 1 0.0 -1 -0.5928468636567625 -1 -0.10855840053480925
712 1 0.0 -1 -0.5928468636567625 -1 -0.10855840053480925
713 1 0.0 -1 -0.5928468636567625 -1 -0.10855840053480925
714 1 0.0 -1 -0.5928468636567625 -1 -0.10855840053480925
715 1 0.0 -1 -0.5928468636567625 -1 -0.10855840053480925
716 1 0.0 -1 -0.5928468636567625 -1 -0.10855840053480925
717 1 0.0 -1 -0.5928468636567625 -1 -0.10855840053480925
718 1 0.0 -1 -0.5928468636567625 -1 -0.10855840053480925
719 1 0.0 -1 -0.5928468636567625 -1 -0.10855840053480925
720 1 0.0 -1 -0.5928468636567625 -1 -0.10855840053480925
721 1 0.0 -1 -0.5928468636567625 -1 -0.10855840053480925
722 1 0.0 -1 -0.5928468636567625 -1 -0.10855840053480925
723 1 0.0 -1 -0.5928468636567625 -1 -0.10855840053480925
724 1 0.0 -1 -0.5928468636567625 -1 -0.10855840053480925
725 1 0.0 -1 -0.5928468636567625 -1 -0.10855840053480925
726 1 0.0 -1 -0.5928468636567625 -1 -0.10855840053480925
727 1 0.0 -1 -0.5928468636567625 -1 -0.10855840053480925
728 1 0.0 -1 -0.5928468636567625 -1 -0.10855840053480925
729 1 0.0 -1 -0.5928468636567625 -1 -0.10855840053480925
730 1 0.0 -1 -0.5928468636567625 -1 -0.10855840053480925
731 1 0.0 -1 -0.5928468636567625 -1 -0.10855840053480925
732 1 0.0 -1 -0.5928468636567625 -1 -0.10855840053480925
733 1 0.0 -1 -0.5928468636567625 -1 -0.10855840053480925
734 1 0.0 -1 -0.5928468636567625 -1 -0.10855840053480925
735 1 0.0 -1 -0.5928468636567625 -1 -0.10855840053480925
736 1 0.0 -1 -0.5928468636567625 -1 -0.10855840053480925
737 1 0.0 -1 -0.5928468636567625 -1 -0.10855840053480925
738 1 0.0 -1 -0.5928468636567625 -1 -0.10855840053480925
739 1 0.0 -1 -0.5928468636567625 -1 -0.10855840053480925
740 1 0.0 -1 -0.5928468636567625 -1 -0.10855840053480925
741 1 0.0 -1 -0.5928468636567625 -1 -0.10855840053480925
742 1 0.0 -1 -0.5928468636567625 -1 -0.10855840053480925
743 1 0.0 -1 -0.5928468636567625 -1 -0.10855840053480925
744 1 0.0 -1 -0.5928468636567625 -1 -0.10855840053480925
745 1 0.0 -1 -0.5928468636567625 -1 -0.10855840053480925
746 1 0.0 -1 -0.5928468636567625 -1 -0.10855840053480925
747 1 0.0 -1 -0.5928468636567625 -1 -0.10855840053480925
748 1 0.0 -1 -0.5928468636567625 -1 -0.10855840053480925
749 1 0.0 -1 -0.5928468636567625 -1 -0.10855840053480925
750 1 0.0 -1 -0.5928468636567625 -1 -0.10855840053480925
751 1 0.0 -1 -0.5928468636567625 -1 -0.10855840053480925
752 1 0.0 -1 -0.5928468636567625 -1 -0.10855840053480925
753 1 0.0 -1 -0.5928468636567625 -1 -0.10855840053480925
754 1 0.0 -1 -0.5928468636567625 -1 -0.10855840053480925
755 1 0.0 -1 -0.5928468636567625 -1 -0.10855840053480925
756 1 0.0 -1 -0.5928468636567625 -1 -0.10855840053480925
757 1 0.0 -1 -0.5928468636567625 -1 -0.10855840053480925
758 1 0.0 -1 -0.5928468636567625 -1 -0.10855840053480925
759 1 0.0 -1 -0.5928468636567625 -1 -0.10855840053480925
760 1 0.0 -1 -0.5928468636567625 -1 -0.10855840053480925
761 1 0.0 -1 -0.5928468636567625 -1 -0.10855840053480925
762 1 0.0 -1 -0.5928468636567625 -1 -0.10855840053480925
763 1 0.0 -1 -0.5928468636567625 -1 -0.10855840053480925
764 1 0.0 -1 -0.5928468636567625 -1 -0.10855840053480925
765 1 0.0 -1 -0.5928468636567625 -1 -0.10855840053480925
766 1 0.0 -1 -0.5928468636567625 -1 -0.10855840053480925
767 1 0.0 -1 -0.5928468636567625 -1 -0.10855840053480925
768 1 0.0 -1 -0.5928468636567625 -1 -0.10855840053480925
769 1 0.0 -1 -0.5928468636567625 -1 -0.10855840053480925
770 1 0.0 -1 -0.5928468636567625 -1 -0.10855840053480925
771 1 0.0 -1 -0.5928468636567625 -1 -0.10855840053480925
772 1 0.0 -1 -0.5928468636567625 -1 -0.10855840053480925
773 1 0.0 -1 -0.5928468636567625 -1 -0.10855840053480925
774 1 0.0 -1 -0.5928468636567625 -1 -0.10855840053480925
775 1 0.0 -1 -0.5928468636567625 -1 -0.10855840053480925
776 1 0.0 -1 -0.5928468636567625 -1 -0.10855840053480925
777 1 0.0 -1 -0.5928468636567625 -1 -0.10855840053480925
778 1 0.0 -1 -0.5928468636567625 -1 -0.10855840053480925
779 1 0.0 -1 -0.5928468636567625 -1 -0.10855840053480925
780 1 0.0 -1 -0.5928468636567625 -1 -0.10855840053480925
781 1 0.0 -1 -0.5928468636567625 -1 -0.10855840053480925
782 1 0.0 -1 -0.5928468636567625 -1 -0.10855840053480925
783 1 0.0 -1 -0.5928468636567625 -1 -0.10855840053480925
784 1 0.0 -1 -0.5928468636567625 -1 -0.10855840053480925
785 1 0.0 -1 -0.5928468636567625 -1 -0.10855840053480925
786 1 0.0 -1 -0.5928468636567625 -1 -0.10855840053480925
787 1 0.0 -1 -0.5928468636567625 -1 -0.10855840053480925
788 1 0.0 -1 -0.5928468636567625 -1 -0.10855840053480925
789 1 0.0 -1 -0.5928468636567625 -1 -0.10855840053480925
790 1 0.0 -1 -0.5928468636567625 -1 -0.10855840053480925
791 1 0.0 -1 -0.5928468636567625 -1 -0.10855840053480925
792 1 0.0 -1 -0.5928468636567625 -1 -0.10855840053480925
793 1 0.0 -1 -0.5928468636567625 -1 -0.10855840053480925
794 1 0.0 -1 -0.5928468636567625 -1 -0.10855840053480925
795 1 0.0 -1 -0.5928468636567625 -1 -0.10855840053480925
796 1 0.0 -1 -0.5928468636567625 -1 -0.10855840053480925
797 1 0.0 -1 -0.5928468636567625 -1 -0.10855840053480925
798 1 0.0 -1 -0.5928468636567625 -1 -0.10855840053480925
799 1 0.0 -1 -0.5928468636567625 -1 -0.10855840053480925
800 1 0.0 -1 -0.5928468636567625 -1 -0.10855840053480925
801 1 0.0 -1 -0.5928468636567625 -1 -0.10855840053480925
802 1 0.0 -1 -0.5928468636567625 -1 -0.10855840053480925
803 1 0.0 -1 -0.5928468636567625 -1 -0.10855840053480925
804 1 0.0 -1 -0.5928468636567625 -1 -0.10855840053480925
805 1 0.0 -1 -0.5928468636567625 -1 -0.10855840053480925
806 1 0.0 -1 -0.5928468636567625 -1 -0.10855840053480925
807 1 0.0 -1 -0.5928468636567625 -1 -0.10855840053480925
808 1 0.0 -1 -0.5928468636567625 -1 -0.10855840053480925
809 1 0.0 -1 -0.5928468636567625 -1 -0.10855840053480925
810 1 0.0 -1 -0.5928468636567625 -1 -0.10855840053480925
811 1 0.0 -1 -0.5928468636567625 -1 -0.10855840053480925
812 1 0.0 -1 -0.5928468636567625 -1 -0.10855840053480925
813 1 0.0 -1 -0.5928468636567625 -1 -0.10855840053480925
814 1 0.0 -1 -0.5928468636567625 -1 -0.10855840053480925
815 1 0.0 -1 -0.5928468636567625 -1 -0.10855840053480925
816 1 0.0 -1 -0.5928468636567625 -1 -0.10855840053480925
817 1 0.0 -1 -0.5928468636567625 -1 -0.10855840053480925
818 1 0.0 -1 -0.5928468636567625 -1 -0.10855840053480925
819 1 0.0 -1 -0.5928468636567625 -1 -0.10855840053480925
820 1 0.0 -1 -0.5928468636567625 -1 -0.10855840053480925
821 1 0.0 -1 -0.5928468636567625 -1 -0.10855840053480925
822 1 0.0 -1 -0.5928468636567625 -1 -0.10855840053480925
823 1 0.0 -1 -0.5928468636567625 -1 -0.10855840053480925
824 1 0.0 -1 -0.5928468636567625 -1 -0.10855840053480925
825 1 0.0 -1 -0.5928468636567625 -1 -0.10855840053480925
826 1 0.0 -1 -0.5928468636567625 -1 -0.10855840053480925
827 1 0.0 -1 -0.5928468636567625 -1 -0.10855840053480925
828 1 0.0 -1 -0.5928468636567625 -1 -0.10855840053480925
829 1 0.0 -1 -0.5928468636567625 -1 -0.10855840053480925
830 1 0.0 -1 -0.5928468636567625 -1 -0.10855840053480925
831 1 0.0 -1 -0.5928468636567625 -1 -0.10855840053480925
832 1 0.0 -1 -0.5928468636567625 -1 -0.10855840053480925
833 1 0.0 -1 -0.5928468636567625 -1 -0.10855840053480925
834 1 0.0 -1 -0.5928468636567625 -1 -0.10855840053480925
835 1 0.0 -1 -0.5928468636567625 -1 -0.10855840053480925
836 1 0.0 -1 -0.5928468636567625 -1 -0.10855840053480925
837 1 0.0 -1 -0.5928468636567625 -1 -0.10855840053480925
838 1 0.0 -1 -0.5928468636567625 -1 -0.10855840053480925
839 1 0.0 -1 -0.5928468636567625 -1 -0.10855840053480925
840 1 0.0 -1 -0.5928468636567625 -1 -0.10855840053480925
841 1 0.0 -1 -0.5928468636567625 -1 -0.10855840053480925
842 1 0.0 -1 -0.5928468636567625 -1 -0.10855840053480925
843 1 0.0 -1 -0.5928468636567625 -1 -0.10855840053480925
844 1 0.0 -1 -0.5928468636567625 -1 -0.10855840053480925
845 1 0.0 -1 -0.5928468636567625 -1 -0.10855840053480925
846 1 0.0 -1 -0.5928468636567625 -1 -0.10855840053480925
847 1 0.0 -1 -0.5928468636567625 -1 -0.10855840053480925
848 1 0.0 -1 -0.5928468636567625 -1 -0.10855840053480925
849 1 0.0 -1 -0.5928468636567625 -1 -0.10855840053480925
850 1 0.0 -1 -0.5928468636567625 -1 -0.10855840053480925
851 1 0.0 -1 -0.5928468636567625 -1 -0.10855840053480925
852 1 0.0 -1 -0.5928468636567625 -1 -0.10855840053480925
853 1 0.0 -1 -0.5928468636567625 -1 -0.10855840053480925
854 1 0.0 -1 -0.5928468636567625 -1 -0.10855840053480925
855 1 0.0 -1 -0.5928468636567625 -1 -0.10855840053480925
856 1 0.0 -1 -0.5928468636567625 -1 -0.10855840053480925
857 1 0.0 -1 -0.5928468636567625 -1 -0.10855840053480925
858 1 0.0 -1 -0.5928468636567625 -1 -0.10855840053480925
859 1 0.0 -1 -0.5928468636567625 -1 -0.10855840053480925
860 1 0.0 -1 -0.5928468636567625 -1 -0.10855840053480925
861 1 0.0 -1 -0.5928468636567625 -1 -0.10855840053480925
862 1 0.0 -1 -0.5928468636567625 -1 -0.10855840053480925
863 1 0.0 -1 -0.5928468636567625 -1 -0.10855840053480925
864 1 0.0 -1 -0.5928468636567625 -1 -0.10855840053480925
865 1 0.0 -1 -0.5928468636567625 -1 -0.10855840053480925
866 1 0.0 -1 -0.5928468636567625 -1 -0.10855840053480925
867 1 0.0 -1 -0.5928468636567625 -1 -0.10855840053480925
868 1 0.0 -1 -0.5928468636567625 -1 -0.10855840053480925
869 1 0.0 -1 -0.5928468636567625 -1 -0.10855840053480925
870 1 0.0 -1 -0.5928468636567625 -1 -0.10855840053480925
871 1 0.0 -1 -0.5928468636567625 -1 -0.10855840053480925
872 1 0.0 -1 -0.5928468636567625 -1 -0.10855840053480925
873 1 0.0 -1 -0.5928468636567625 -1 -0.10855840053480925
874 1 0.0 -1 -0.5928468636567625 -1 -0.10855840053480925
875 1 0.0 -1 -0.5928468636567625 -1 -0.10855840053480925
876 1 0.0 -1 -0.5928468636567625 -1 -0.10855840053480925
877 1 0.0 -1 -0.5928468636567625 -1 -0.10855840053480925
878 1 0.0 -1 -0.5928468636567625 -1 -0.10855840053480925
879 1 0.0 -1 -0.5928468636567625 -1 -0.10855840053480925
880 1 0.0 -1 -0.5928468636567625 -1 -0.10855840053480925
881 1 0.0 -1 -0.5928468636567625 -1 -0.10855840053480925
882 1 0.0 -1 -0.5928468636567625 -1 -0.10855840053480925
883 1 0.0 -1 -0.5928468636567625 -1 -0.10855840053480925
884 1 0.0 -1 -0.5928468636567625 -1 -0.10855840053480925
885 1 0.0 -1 -0.5928468636567625 -1 -0.10855840053480925
886 1 0.0 -1 -0.5928468636567625 -1 -0.10855840053480925
887 1 0.0 -1 -0.5928468636567625 -1 -0.10855840053480925
888 1 0.0 -1 -0.5928468636567625 -1 -0.10855840053480925
889 1 0.0 -1 -0.5928468636567625 -1 -0.10855840053480925
890 1 0.0 -1 -0.5928468636567625 -1 -0.10855840053480925
891 1 0.0 -1 -0.5928468636567625 -1 -0.10855840053480925
892 1 0.0 -1 -0.5928468636567625 -1 -0.10855840053480925
893 1 0.0 -1 -0.5928468636567625 -1 -0.10855840053480925
894 1 0.0 -1 -0.5928468636567625 -1 -0.10855840053480925
895 1 0.0 -1 -0.5928468636567625 -1 -0.10855840053480925
896 1 0.0 -1 -0.5928468636567625 -1 -0.10855840053480925
897 1 0.0 -1 -0.5928468636567625 -1 -0.10855840053480925
898 1 0.0 -1 -0.5928468636567625 -1 -0.10855840053480925
899 1 0.0 -1 -0.5928468636567625 -1 -0.10855840053480925
900 1 0.0 -1 -0.5928468636567625 -1 -0.10855840053480925
901 1 0.0 -1 -0.5928468636567625 -1 -0.10855840053480925
902 1 0.0 -1 -0.5928468636567625 -1 -0.10855840053480925
903 1 0.0 -1 -0.5928468636567625 -1 -0.10855840053480925
904 1 0.0 -1 -0.5928468636567625 -1 -0.10855840053480925
905 1 0.0 -1 -0.5928468636567625 -1 -0.10855840053480925
906 1 0.0 -1 -0.5928468636567625 -1 -0.10855840053480925
907 1 0.0 -1 -0.5928468636567625 -1 -0.10855840053480925
908 1 0.0 -1 -0.5928468636567625 -1 -0.10855840053480925
909 1 0.0 -1 -0.5928468636567625 -1 -0.10855840053480925
910 1 0.0 -1 -0.5928468636567625 -1 -0.10855840053480925
911 1 0.0 -1 -0.5928468636567625 -1 -0.10855840053480925
912 1 0.0 -1 -0.5928468636567625 -1 -0.10855840053480925
913 1 0.0 -1 -0.5928468636567625 -1 -0.10855840053480925
914 1 0.0 -1 -0.5928468636567625 -1 -0.10855840053480925
915 1 0.0 -1 -0.5928468636567625 -1 -0.10855840053480925
916 1 0.0 -1 -0.5928468636567625 -1 -0.10855840053480925
917 1 0.0 -1 -0.5928468636567625 -1 -0.10855840053480925
918 1 0.0 -1 -0.5928468636567625 -1 -0.10855840053480925
919 1 0.0 -1 -0.5928468636567625 -1 -0.10855840053480925
920 1 0.0 -1 -0.5928468636567625 -1 -0.10855840053480925
921 1 0.0 -1 -0.5928468636567625 -1 -0.10855840053480925
922 1 0.0 -1 -0.5928468636567625 -1 -0.10855840053480925
923 1 0.0 -1 -0.5928468636567625 -1 -0.10855840053480925
924 1 0.0 -1 -0.5928468636567625 -1 -0.10855840053480925
925 1 0.0 -1 -0.5928468636567625 -1 -0.10855840053480925
926 1 0.0 -1 -0.5928468636567625 -1 -0.10855840053480925
927 1 0.0 -1 -0.5928468636567625 -1 -0.10855840053480925
928 1 0.0 -1 -0.5928468636567625 -1 -0.10855840053480925
929 1 0.0 -1 -0.5928468636567625 -1 -0.10855840053480925
930 1 0.0 -1 -0.5928468636567625 -1 -0.10855840053480925
931 1 0.0 -1 -0.5928468636567625 -1 -0.10855840053480925
932 1 0.0 -1 -0.5928468636567625 -1 -0.10855840053480925
933 1 0.0 -1 -0.5928468636567625 -1 -0.10855840053480925
934 1 0.0 -1 -0.5928468636567625 -1 -0.10855840053480925
935 1 0.0 -1 -0.5928468636567625 -1 -0.10855840053480925
936 1 0.0 -1 -0.5928468636567625 -1 -0.10855840053480925
937 1 0.0 -1 -0.5928468636567625 -1 -0.10855840053480925
938 1 0.0 -1 -0.5928468636567625 -1 -0.10855840053480925
939 1 0.0 -1 -0.5928468636567625 -1 -0.10855840053480925
940 1 0.0 -1 -0.5928468636567625 -1 -0.10855840053480925
941 1 0.0 -1 -0.5928468636567625 -1 -0.10855840053480925
942 1 0.0 -1 -0.5928468636567625 -1 -0.10855840053480925
943 1 0.0 -1 -0.5928468636567625 -1 -0.10855840053480925
944 1 0.0 -1 -0.5928468636567625 -1 -0.10855840053480925
945 1 0.0 -1 -0.5928468636567625 -1 -0.10855840053480925
946 1 0.0 -1 -0.5928468636567625 -1 -0.10855840053480925
947 1 0.0 -1 -0.5928468636567625 -1 -0.10855840053480925
948 1 0.0 -1 -0.5928468636567625 -1 -0.10855840053480925
949 1 0.0 -1 -0.5928468636567625 -1 -0.10855840053480925
950 1 0.0 -1 -0.5928468636567625 -1 -0.10855840053480925
951 1 0.0 -1 -0.5928468636567625 -1 -0.10855840053480925
952 1 0.0 -1 -0.5928468636567625 -1 -0.10855840053480925
953 1 0.0 -1 -0.5928468636567625 -1 -0.10855840053480925
954 1 0.0 -1 -0.5928468636567625 -1 -0.10855840053480925
955 1 0.0 -1 -0.5928468636567625 -1 -0.10855840053480925
956 1 0.0 -1 -0.5928468636567625 -1 -0.10855840053480925
957 1 0.0 -1 -0.5928468636567625 -1 -0.10855840053480925
958 1 0.0 -1 -0.5928468636567625 -1 -0.10855840053480925
959 1 0.0 -1 -0.5928468636567625 -1 -0.10855840053480925
960 1 0.0 -1 -0.5928468636567625 -1 -0.10855840053480925
961 1 0.0 -1 -0.5928468636567625 -1 -0.10855840053480925
962 1 0.0 -1 -0.5928468636567625 -1 -0.10855840053480925
963 1 0.0 -1 -0.5928468636567625 -1 -0.10855840053480925
964 1 0.0 -1 -0.5928468636567625 -1 -0.10855840053480925
965 1 0.0 -1 -0.5928468636567625 -1 -0.10855840053480925
966 1 0.0 -1 -0.5928468636567625 -1 -0.10855840053480925
967 1 0.0 -1 -0.5928468636567625 -1 -0.10855840053480925
968 1 0.0 -1 -0.5928468636567625 -1 -0.10855840053480925
969 1 0.0 -1 -0.5928468636567625 -1 -0.10855840053480925
970 1 0.0 -1 -0.5928468636567625 -1 -0.10855840053480925
971 1 0.0 -1 -0.5928468636567625 -1 -0.10855840053480925
972 1 0.0 -1 -0.5928468636567625 -1 -0.10855840053480925
973 1 0.0 -1 -0.5928468636567625 -1 -0.10855840053480925
974 1 0.0 -1 -0.5928468636567625 -1 -0.10855840053480925
975 1 0.0 -1 -0.5928468636567625 -1 -0.10855840053480925
976 1 0.0 -1 -0.5928468636567625 -1 -0.10855840053480925
977 1 0.0 -1 -0.5928468636567625 -1 -0.10855840053480925
978 1 0.0 -1 -0.5928468636567625 -1 -0.10855840053480925
979 1 0.0 -1 -0.5928468636567625 -1 -0.10855840053480925
980 1 0.0 -1 -0.5928468636567625 -1 -0.10855840053480925
981 1 0.0 -1 -0.5928468636567625 -1 -0.10855840053480925
982 1 0.0 -1 -0.5928468636567625 -1 -0.10855840053480925
983 1 0.0 -1 -0.5928468636567625 -1 -0.10855840053480925
984 1 0.0 -1 -0.5928468636567625 -1 -0.10855840053480925
985 1 0.0 -1 -0.5928468636567625 -1 -0.10855840053480925
986 1 0.0 -1 -0.5928468636567625 -1 -0.10855840053480925
987 1 0.0 -1 -0.5928468636567625 -1 -0.10855840053480925
988 1 0.0 -1 -0.5928468636567625 -1 -0.10855840053480925
989 1 0.0 -1 -0.5928468636567625 -1 -0.10855840053480925
990 1 0.0 -1 -0.5928468636567625 -1 -0.10855840053480925
991 1 0.0 -1 -0.5928468636567625 -1 -0.10855840053480925
992 1 0.0 -1 -0.5928468636567625 -1 -0.10855840053480925
993 1 0.0 -1 -0.5928468636567625 -1 -0.10855840053480925
994 1 0.0 -1 -0.5928468636567625 -1 -0.10855840053480925
995 1 0.0 -1 -0.5928468636567625 -1 -0.10855840053480925
996 1 0.0 -1 -0.5928468636567625 -1 -0.10855840053480925
997 1 0.0 -1 -0.5928468636567625 -1 -0.10855840053480925
998 1 0.0 -1 -0.5928468636567625 -1 -0.10855840053480925
999 1 0.0 -1 -0.5928468636567625 -1 -0.10855840053480925
1000 1 0.0 -1 -0.5928468636567625 -1 -0.10855840053480925
1001 1 0.0 -1 -0.5928468636567625 -1 -0.10855840053480925
1002 1 0.0 -1 -0.5928468636567625 -1 -0.10855840053480925
1003 1 0.0 -1 -0.5928468636567625 -1 -0.10855840053480925
1004 1 0.0 -1 -0.5928468636567625 -1 -0.10855840053480925
1005 1 0.0 -1 -0.5928468636567625 -1 -0.10855840053480925
1006 1 0.0 -1 -0.5928468636567625 -1 -0.10855840053480925
1007 1 0.0 -1 -0.5928468636567625 -1 -0.10855840053480925
1008 1 0.0 -1 -0.5928468636567625 -1 -0.10855840053480925
1009 1 0.0 -1 -0.5928468636567625 -1 -0.10855840053480925
1010 1 0.0 -1 -0.5928468636567625 -1 -0.10855840053480925
1011 1 0.0 -1 -0.5928468636567625 -1 -0.10855840053480925
1012 1 0.0 -1 -0.5928468636567625 -1 -0.10855840053480925
1013 1 0.0 -1 -0.5928468636567625 -1 -0.10855840053480925
1014 1 0.0 -1 -0.5928468636567625 -1 -0.10855840053480925
1015 1 0.0 -1 -0.5928468636567625 -1 -0.10855840053480925
1016 1 0.0 -1 -0.5928468636567625 -1 -0.10855840053480925
1017 1 0.0 -1 -0.5928468636567625 -1 -0.10855840053480925
1018 1 0.0 -1 -0.5928468636567625 -1 -0.10855840053480925
1019 1 0.0 -1 -0.5928468636567625 -1 -0.10855840053480925
1020 1 0.0 -1 -0.5928468636567625 -1 -0.10855840053480925
1021 1 0.0 -1 -0.5928468636567625 -1 -0.10855840053480925
1022 1 0.0 -1 -0.5928468636567625 -1 -0.10855840053480925
1023 1 0.0 -1 -0.5928468636567625 -1 -0.10855840053480925
1024 1 0.0 -1 -0.5928468636567625 -1 -0.10855840053480925
1025 1 0.0 -1 -0.5928468636567625 -1 -0.10855840053480925
1026 1 0.0 -1 -0.5928468636567625 -1 -0.10855840053480925
1027 1 0.0 -1 -0.5928468636567625 -1 -0.10855840053480925
1028 1 0.0 -1 -0.5928468636567625 -1 -0.10855840053480925
1029 1 0.0 -1 -0.5928468636567625 -1 -0.10855840053480925
1030 1 0.0 -1 -0.5928468636567625 -1 -0.10855840053480925
1031 1 0.0 -1 -0.5928468636567625 -1 -0.10855840053480925
1032 1 0.0 -1 -0.5928468636567625 -1 -0.10855840053480925
1033 1 0.0 -1 -0.5928468636567625 -1 -0.10855840053480925
1034 1 0.0 -1 -0.5928468636567625 -1 -0.10855840053480925
1035 1 0.0 -1 -0.5928468636567625 -1 -0.10855840053480925
1036 1 0.0 -1 -0.5928468636567625 -1 -0.10855840053480925
1037 1 0.0 -1 -0.5928468636567625 -1 -0.10855840053480925
1038 1 0.0 -1 -0.5928468636567625 -1 -0.10855840053480925
1039 1 0.0 -1 -0.5928468636567625 -1 -0.10855840053480925
1040 1 0.0 -1 -0.5928468636567625 -1 -0.10855840053480925
1041 1 0.0 -1 -0.5928468636567625 -1 -0.10855840053480925
1042 1 0.0 -1 -0.5928468636567625 -1 -0.10855840053480925
1043 1 0.0 -1 -0.5928468636567625 -1 -0.10855840053480925
1044 1 0.0 -1 -0.5928468636567625 -1 -0.10855840053480925
1045 1 0.0 -1 -0.5928468636567625 -1 -0.10855840053480925
1046 1 0.0 -1 -0.5928468636567625 -1 -0.10855840053480925
1047 1 0.0 -1 -0.5928468636567625 -1 -0.10855840053480925
1048 1 0.0 -1 -0.5928468636567625 -1 -0.10855840053480925
1049 1 0.0 -1 -0.5928468636567625 -1 -0.10855840053480925
1050 1 0.0 -1 -0.5928468636567625 -1 -0.10855840053480925
1051 1 0.0 -1 -0.5928468636567625 -1 -0.10855840053480925
1052 1 0.0 -1 -0.5928468636567625 -1 -0.10855840053480925
1053 1 0.0 -1 -0.5928468636567625 -1 -0.10855840053480925
1054 1 0.0 -1 -0.5928468636567625 -1 -0.10855840053480925
1055 1 0.0 -1 -0.5928468636567625 -1 -0.10855840053480925
1056 1 0.0 -1 -0.5928468636567625 -1 -0.10855840053480925
1057 1 0.0 -1 -0.5928468636567625 -1 -0.10855840053480925
1058 1 0.0 -1 -0.5928468636567625 -1 -0.10855840053480925
1059 1 0.0 -1 -0.5928468636567625 -1 -0.10855840053480925
1060 1 0.0 -1 -0.5928468636567625 -1 -0.10855840053480925
1061 1 0.0 -1 -0.5928468636567625 -1 -0.10855840053480925
1062 1 0.0 -1 -0.5928468636567625 -1 -0.10855840053480925
1063 1 0.0 -1 -0.5928468636567625 -1 -0.10855840053480925
1064 1 0.0 -1 -0.5928468636567625 -1 -0.10855840053480925
1065 1 0.0 -1 -0.5928468636567625 -1 -0.10855840053480925
1066 1 0.0 -1 -0.5928468636567625 -1 -0.10855840053480925
1067 1 0.0 -1 -0.5928468636567625 -1 -0.10855840053480925
1068 1 0.0 -1 -0.5928468636567625 -1 -0.10855840053480925
1069 1 0.0 -1 -0.5928468636567625 -1 -0.10855840053480925
1070 1 0.0 -1 -0.5928468636567625 -1 -0.10855840053480925
1071 1 0.0 -1 -0.5928468636567625 -1 -0.10855840053480925
1072 1 0.0 -1 -0.5928468636567625 -1 -0.10855840053480925
1073 1 0.0 -1 -0.5928468636567625 -1 -0.10855840053480925
1074 1 0.0 -1 -0.5928468636567625 -1 -0.10855840053480925
1075 1 0.0 -1 -0.5928468636567625 -1 -0.10855840053480925
1076 1 0.0 -1 -0.5928468636567625 -1 -0.10855840053480925
1077 1 0.0 -1 -0.5928468636567625 -1 -0.10855840053480925
1078 1 0.0 -1 -0.5928468636567625 -1 -0.10855840053480925
1079 1 0.0 -1 -0.5928468636567625 -1 -0.10855840053480925
1080 1 0.0 -1 -0.5928468636567625 -1 -0.10855840053480925
1081 1 0.0 -1 -0.5928468636567625 -1 -0.10855840053480925
1082 1 0.0 -1 -0.5928468636567625 -1 -0.10855840053480925
1083 1 0.0 -1 -0.5928468636567625 -1 -0.10855840053480925
1084 1 0.0 -1 -0.5928468636567625 -1 -0.10855840053480925
1085 1 0.0 -1 -0.5928468636567625 -1 -0.10855840053480925
1086 1 0.0 -1 -0.5928468636567625 -1 -0.10855840053480925
1087 1 0.0 -1 -0.5928468636567625 -1 -0.10855840053480925
1088 1 0.0 -1 -0.5928468636567625 -1 -0.10855840053480925
1089 1 0.0 -1 -0.5928468636567625 -1 -0.10855840053480925
1090 1 0.0 -1 -0.5928468636567625 -1 -0.10855840053480925
1091 1 0.0 -1 -0.5928468636567625 -1 -0.10855840053480925
1092 1 0.0 -1 -0.5928468636567625 -1 -0.10855840053480925
1093 1 0.0 -1 -0.5928468636567625 -1 -0.10855840053480925
1094 1 0.0 -1 -0.5928468636567625 -1 -0.10855840053480925
1095 1 0.0 -1 -0.5928468636567625 -1 -0.10855840053480925
1096 1 0.0 -1 -0.5928468636567625 -1 -0.10855840053480925
1097 1 0.0 -1 -0.5928468636567625 -1 -0.10855840053480925
1098 1 0.0 -1 -0.5928468636567625 -1 -0.10855840053480925
1099 1 0.0 -1 -0.5928468636567625 -1 -0.10855840053480925
1100 1 0.0 -1 -0.5928468636567625 -1 -0.10855840053480925
1101 1 0.0 -1 -0.5928468636567625 -1 -0.10855840053480925
1102 1 0.0 -1 -0.5928468636567625 -1 -0.10855840053480925
1103 1 0.0 -1 -0.5928468636567625 -1 -0.10855840053480925
1104 1 0.0 -1 -0.5928468636567625 -1 -0.10855840053480925
1105 1 0.0 -1 -0.5928468636567625 -1 -0.10855840053480925
1106 1 0.0 -1 -0.5928468636567625 -1 -0.10855840053480925
1107 1 0.0 -1 -0.5928468636567625 -1 -0.10855840053480925
1108 1 0.0 -1 -0.5928468636567625 -1 -0.10855840053480925
1109 1 0.0 -1 -0.5928468636567625 -1 -0.10855840053480925
1110 1 0.0 -1 -0.5928468636567625 -1 -0.10855840053480925
1111 1 0.0 -1 -0.5928468636567625 -1 -0.10855840053480925
1112 1 0.0 -1 -0.5928468636567625 -1 -0.10855840053480925
1113 1 0.0 -1 -0.5928468636567625 -1 -0.10855840053480925
1114 1 0.0 -1 -0.5928468636567625 -1 -0.10855840053480925
1115 1 0.0 -1 -0.5928468636567625 -1 -0.10855840053480925
1116 1 0.0 -1 -0.5928468636567625 -1 -0.10855840053480925
1117 1 0.0 -1 -0.5928468636567625 -1 -0.10855840053480925
1118 1 0.0 -1 -0.5928468636567625 -1 -0.10855840053480925
1119 1 0.0 -1 -0.5928468636567625 -1 -0.10855840053480925
1120 1 0.0 -1 -0.5928468636567625 -1 -0.10855840053480925
1121 1 0.0 -1 -0.5928468636567625 -1 -0.10855840053480925
1122 1 0.0 -1 -0.5928468636567625 -1 -0.10855840053480925
1123 1 0.0 -1 -0.5928468636567625 -1 -0.10855840053480925
1124 1 0.0 -1 -0.5928468636567625 -1 -0.10855840053480925
1125 1 0.0 -1 -0.5928468636567625 -1 -0.10855840053480925
1126 1 0.0 -1 -0.5928468636567625 -1 -0.10855840053480925
1127 1 0.0 -1 -0.5928468636567625 -1 -0.10855840053480925
1128 1 0.0 -1 -0.5928468636567625 -1 -0.10855840053480925
1129 1 0.0 -1 -0.5928468636567625 -1 -0.10855840053480925
1130 1 0.0 -1 -0.5928468636567625 -1 -0.10855840053480925
1131 1 0.0 -1 -0.5928468636567625 -1 -0.10855840053480925
1132 1 0.0 -1 -0.5928468636567625 -1 -0.10855840053480925
1133 1 0.0 -1 -0.5928468636567625 -1 -0.10855840053480925
1134 1 0.0 -1 -0.5928468636567625 -1 -0.10855840053480925
1135 1 0.0 -1 -0.5928468636567625 -1 -0.10855840053480925
1136 1 0.0 -1 -0.5928468636567625 -1 -0.10855840053480925
1137 1 0.0 -1 -0.5928468636567625 -1 -0.10855840053480925
1138 1 0.0 -1 -0.5928468636567625 -1 -0.10855840053480925
1139 1 0.0 -1 -0.5928468636567625 -1 -0.10855840053480925
1140 1 0.0 -1 -0.5928468636567625 -1 -0.10855840053480925
1141 1 0.0 -1 -0.5928468636567625 -1 -0.10855840053480925
1142 1 0.0 -1 -0.5928468636567625 -1 -0.10855840053480925
1143 1 0.0 -1 -0.5928468636567625 -1 -0.10855840053480925
1144 1 0.0 -1 -0.5928468636567625 -1 -0.10855840053480925
1145 1 0.0 -1 -0.5928468636567625 -1 -0.10855840053480925
1146 1 0.0 -1 -0.5928468636567625 -1 -0.10855840053480925
1147 1 0.0 -1 -0.5928468636567625 -1 -0.10855840053480925
1148 1 0.0 -1 -0.5928468636567625 -1 -0.10855840053480925
1149 1 0.0 -1 -0.5928468636567625 -1 -0.10855840053480925
1150 1 0.0 -1 -0.5928468636567625 -1 -0.10855840053480925
1151 1 0.0 -1 -0.5928468636567625 -1 -0.10855840053480925
1152 1 0.0 -1 -0.5928468636567625 -1 -0.10855840053480925
1153 1 0.0 -1 -0.5928468636567625 -1 -0.10855840053480925
1154 1 0.0 -1 -0.5928468636567625 -1 -0.10855840053480925
1155 1 0.0 -1 -0.5928468636567625 -1 -0.10855840053480925
1156 1 0.0 -1 -0.5928468636567625 -1 -0.10855840053480925
1157 1 0.0 -1 -0.5928468636567625 -1 -0.10855840053480925
1158 1 0.0 -1 -0.5928468636567625 -1 -0.10855840053480925
1159 1 0.0 -1 -0.5928468636567625 -1 -0.10855840053480925
1160 1 0.0 -1 -0.5928468636567625 -1 -0.10855840053480925
1161 1 0.0 -1 -0.5928468636567625 -1 -0.10855840053480925
1162 1 0.0 -1 -0.5928468636567625 -1 -0.10855840053480925
1163 1 0.0 -1 -0.5928468636567625 -1 -0.10855840053480925
1164 1 0.0 -1 -0.5928468636567625 -1 -0.10855840053480925
1165 1 0.0 -1 -0.5928468636567625 -1 -0.10855840053480925
1166 1 0.0 -1 -0.5928468636567625 -1 -0.10855840053480925
1167 1 0.0 -1 -0.5928468636567625 -1 -0.10855840053480925
1168 1 0.0 -1 -0.5928468636567625 -1 -0.10855840053480925
1169 1 0.0 -1 -0.5928468636567625 -1 -0.10855840053480925
1170 1 0.0 -1 -0.5928468636567625 -1 -0.10855840053480925
1171 1 0.0 -1 -0.5928468636567625 -1 -0.10855840053480925
1172 1 0.0 -1 -0.5928468636567625 -1 -0.10855840053480925
1173 1 0.0 -1 -0.5928468636567625 -1 -0.10855840053480925
1174 1 0.0 -1 -0.5928468636567625 -1 -0.10855840053480925
1175 1 0.0 -1 -0.5928468636567625 -1 -0.10855840053480925
1176 1 0.0 -1 -0.5928468636567625 -1 -0.10855840053480925
1177 1 0.0 -1 -0.5928468636567625 -1 -0.10855840053480925
1178 1 0.0 -1 -0.5928468636567625 -1 -0.10855840053480925
1179 1 0.0 -1 -0.5928468636567625 -1 -0.10855840053480925
1180 1 0.0 -1 -0.5928468636567625 -1 -0.10855840053480925
1181 1 0.0 -1 -0.5928468636567625 -1 -0.10855840053480925
1182 1 0.0 -1 -0.5928468636567625 -1 -0.10855840053480925
1183 1 0.0 -1 -0.5928468636567625 -1 -0.10855840053480925
1184 1 0.0 -1 -0.5928468636567625 -1 -0.10855840053480925
1185 1 0.0 -1 -0.5928468636567625 -1 -0.10855840053480925
1186 1 0.0 -1 -0.5928468636567625 -1 -0.10855840053480925
1187 1 0.0 -1 -0.5928468636567625 -1 -0.10855840053480925
1188 1 0.0 -1 -0.5928468636567625 -1 -0.10855840053480925
1189 1 0.0 -1 -0.5928468636567625 -1 -0.10855840053480925
1190 1 0.0 -1 -0.5928468636567625 -1 -0.10855840053480925
1191 1 0.0 -1 -0.5928468636567625 -1 -0.10855840053480925
1192 1 0.0 -1 -0.5928468636567625 -1 -0.10855840053480925
1193 1 0.0 -1 -0.5928468636567625 -1 -0.10855840053480925
1194 1 0.0 -1 -0.5928468636567625 -1 -0.10855840053480925
1195 1 0.0 -1 -0.5928468636567625 -1 -0.10855840053480925
1196 1 0.0 -1 -0.5928468636567625 -1 -0.10855840053480925
1197 1 0.0 -1 -0.5928468636567625 -1 -0.10855840053480925
1198 1 0.0 -1 -0.5928468636567625 -1 -0.10855840053480925
1199 1 0.0 -1 -0.5928468636567625 -1 -0.10855840053480925
1200 1 0.0 -1 -0.5928468636567625 -1 -0.10855840053480925
1201 1 0.0 -1 -0.5928468636567625 -1 -0.10855840053480925
1202 1 0.0 -1 -0.5928468636567625 -1 -0.10855840053480925
1203 1 0.0 -1 -0.5928468636567625 -1 -0.10855840053480925
1204 1 0.0 -1 -0.5928468636567625 -1 -0.10855840053480925
1205 1 0.0 -1 -0.5928468636567625 -1 -0.10855840053480925
1206 1 0.0 -1 -0.5928468636567625 -1 -0.10855840053480925
1207 1 0.0 -1 -0.5928468636567625 -1 -0.10855840053480925
1208 1 0.0 -1 -0.5928468636567625 -1 -0.10855840053480925
1209 1 0.0 -1 -0.5928468636567625 -1 -0.10855840053480925
1210 1 0.0 -1 -0.5928468636567625 -1 -0.10855840053480925
1211 1 0.0 -1 -0.5928468636567625 -1 -0.10855840053480925
1212 1 0.0 -1 -0.5928468636567625 -1 -0.10855840053480925
1213 1 0.0 -1 -0.5928468636567625 -1 -0.10855840053480925
1214 1 0.0 -1 -0.5928468636567625 -1 -0.10855840053480925
1215 1 0.0 -1 -0.5928468636567625 -1 -0.10855840053480925
1216 1 0.0 -1 -0.5928468636567625 -1 -0.10855840053480925
1217 1 0.0 -1 -0.5928468636567625 -1 -0.10855840053480925
1218 1 0.0 -1 -0.5928468636567625 -1 -0.10855840053480925
1219 1 0.0 -1 -0.5928468636567625 -1 -0.10855840053480925
1220 1 0.0 -1 -0.5928468636567625 -1 -0.10855840053480925
1221 1 0.0 -1 -0.5928468636567625 -1 -0.10855840053480925
1222 1 0.0 -1 -0.5928468636567625 -1 -0.10855840053480925
1223 1 0.0 -1 -0.5928468636567625 -1 -0.10855840053480925
1224 1 0.0 -1 -0.5928468636567625 -1 -0.10855840053480925
1225 1 0.0 -1 -0.5928468636567625 -1 -0.10855840053480925
1226 1 0.0 -1 -0.5928468636567625 -1 -0.10855840053480925
1227 1 0.0 -1 -0.5928468636567625 -1 -0.10855840053480925
1228 1 0.0 -1 -0.5928468636567625 -1 -0.10855840053480925
1229 1 0.0 -1 -0.5928468636567625 -1 -0.10855840053480925
1230 1 0.0 -1 -0.5928468636567625 -1 -0.10855840053480925
1231 1 0.0 -1 -0.5928468636567625 -1 -0.10855840053480925
1232 1 0.0 -1 -0.5928468636567625 -1 -0.10855840053480925
1233 1 0.0 -1 -0.5928468636567625 -1 -0.10855840053480925
1234 1 0.0 -1 -0.5928468636567625 -1 -0.10855840053480925
1235 1 0.0 -1 -0.5928468636567625 -1 -0.10855840053480925
1236 1 0.0 -1 -0.5928468636567625 -1 -0.10855840053480925
1237 1 0.0 -1 -0.5928468636567625 -1 -0.10855840053480925
1238 1 0.0 -1 -0.5928468636567625 -1 -0.10855840053480925
1239 1 0.0 -1 -0.5928468636567625 -1 -0.10855840053480925
1240 1 0.0 -1 -0.5928468636567625 -1 -0.10855840053480925
1241 1 0.0 -1 -0.5928468636567625 -1 -0.10855840053480925
1242 1 0.0 -1 -0.5928468636567625 -1 -0.10855840053480925
1243 1 0.0 -1 -0.5928468636567625 -1 -0.10855840053480925
1244 1 0.0 -1 -0.5928468636567625 -1 -0.10855840053480925
1245 1 0.0 -1 -0.5928468636567625 -1 -0.10855840053480925
1246 1 0.0 -1 -0.5928468636567625 -1 -0.10855840053480925
1247 1 0.0 -1 -0.5928468636567625 -1 -0.10855840053480925
1248 1 0.0 -1 -0.5928468636567625 -1 -0.10855840053480925
1249 1 0.0 -1 -0.5928468636567625 -1 -0.10855840053480925
1250 1 0.0 -1 -0.5928468636567625 -1 -0.10855840053480925
1251 1 0.0 -1 -0.5928468636567625 -1 -0.10855840053480925
1252 1 0.0 -1 -0.5928468636567625 -1 -0.10855840053480925
1253 1 0.0 -1 -0.5928468636567625 -1 -0.10855840053480925
1254 1 0.0 -1 -0.5928468636567625 -1 -0.10855840053480925
1255 1 0.0 -1 -0.5928468636567625 -1 -0.10855840053480925
1256 1 0.0 -1 -0.5928468636567625 -1 -0.10855840053480925
1257 1 0.0 -1 -0.5928468636567625 -1 -0.10855840053480925
1258 1 0.0 -1 -0.5928468636567625 -1 -0.10855840053480925
1259 1 0.0 -1 -0.5928468636567625 -1 -0.10855840053480925
1260 1 0.0 -1 -0.5928468636567625 -1 -0.10855840053480925
1261 1 0.0 -1 -0.5928468636567625 -1 -0.10855840053480925
1262 1 0.0 -1 -0.5928468636567625 -1 -0.10855840053480925
1263 1 0.0 -1 -0.5928468636567625 -1 -0.10855840053480925
1264 1 0.0 -1 -0.5928468636567625 -1 -0.10855840053480925
1265 1 0.0 -1 -0.5928468636567625 -1 -0.10855840053480925
1266 1 0.0 -1 -0.5928468636567625 -1 -0.10855840053480925
1267 1 0.0 -1 -0.5928468636567625 -1 -0.10855840053480925
1268 1 0.0 -1 -0.5928468636567625 -1 -0.10855840053480925
1269 1 0.0 -1 -0.5928468636567625 -1 -0.10855840053480925
1270 1 0.0 -1 -0.5928468636567625 -1 -0.10855840053480925
1271 1 0.0 -1 -0.5928468636567625 -1 -0.10855840053480925
1272 1 0.0 -1 -0.5928468636567625 -1 -0.10855840053480925
1273 1 0.0 -1 -0.5928468636567625 -1 -0.10855840053480925
1274 1 0.0 -1 -0.5928468636567625 -1 -0.10855840053480925
1275 1 0.0 -1 -0.5928468636567625 -1 -0.10855840053480925
1276 1 0.0 -1 -0.5928468636567625 -1 -0.10855840053480925
1277 1 0.0 -1 -0.5928468636567625 -1 -0.10855840053480925
1278 1 0.0 -1 -0.5928468636567625 -1 -0.10855840053480925
1279 1 0.0 -1 -0.5928468636567625 -1 -0.10855840053480925
1280 1 0.0 -1 -0.5928468636567625 -1 -0.10855840053480925
1281 1 0.0 -1 -0.5928468636567625 -1 -0.10855840053480925
1282 1 0.0 -1 -0.5928468636567625 -1 -0.10855840053480925
1283 1 0.0 -1 -0.5928468636567625 -1 -0.10855840053480925
1284 1 0.0 -1 -0.5928468636567625 -1 -0.10855840053480925
1285 1 0.0 -1 -0.5928468636567625 -1 -0.10855840053480925
1286 1 0.0 -1 -0.5928468636567625 -1 -0.10855840053480925
1287 1 0.0 -1 -0.5928468636567625 -1 -0.10855840053480925
1288 1 0.0 -1 -0.5928468636567625 -1 -0.10855840053480925
1289 1 0.0 -1 -0.5928468636567625 -1 -0.10855840053480925
1290 1 0.0 -1 -0.5928468636567625 -1 -0.10855840053480925
1291 1 0.0 -1 -0.5928468636567625 -1 -0.10855840053480925
1292 1 0.0 -1 -0.5928468636567625 -1 -0.10855840053480925
1293 1 0.0 -1 -0.5928468636567625 -1 -0.10855840053480925
1294 1 0.0 -1 -0.5928468636567625 -1 -0.10855840053480925
1295 1 0.0 -1 -0.5928468636567625 -1 -0.10855840053480925
1296 1 0.0 -1 -0.5928468636567625 -1 -0.10855840053480925
1297 1 0.0 -1 -0.5928468636567625 -1 -0.10855840053480925
1298 1 0.0 -1 -0.5928468636567625 -1 -0.10855840053480925
1299 1 0.0 -1 -0.5928468636567625 -1 -0.10855840053480925
1300 1 0.0 -1 -0.5928468636567625 -1 -0.10855840053480925
1301 1 0.0 -1 -0.5928468636567625 -1 -0.10855840053480925
1302 1 0.0 -1 -0.5928468636567625 -1 -0.10855840053480925
1303 1 0.0 -1 -0.5928468636567625 -1 -0.10855840053480925
1304 1 0.0 -1 -0.5928468636567625 -1 -0.10855840053480925
1305 1 0.0 -1 -0.5928468636567625 -1 -0.10855840053480925
1306 1 0.0 -1 -0.5928468636567625 -1 -0.10855840053480925
1307 1 0.0 -1 -0.5928468636567625 -1 -0.10855840053480925
1308 1 0.0 -1 -0.5928468636567625 -1 -0.10855840053480925
1309 1 0.0 -1 -0.5928468636567625 -1 -0.10855840053480925
1310 1 0.0 -1 -0.5928468636567625 -1 -0.10855840053480925
1311 1 0.0 -1 -0.5928468636567625 -1 -0.10855840053480925
1312 1 0.0 -1 -0.5928468636567625 -1 -0.10855840053480925
1313 1 0.0 -1 -0.5928468636567625 -1 -0.10855840053480925
1314 1 0.0 -1 -0.5928468636567625 -1 -0.10855840053480925
1315 1 0.0 -1 -0.5928468636567625 -1 -0.10855840053480925
1316 1 0.0 -1 -0.5928468636567625 -1 -0.10855840053480925
1317 1 0.0 -1 -0.5928468636567625 -1 -0.10855840053480925
1318 1 0.0 -1 -0.5928468636567625 -1 -0.10855840053480925
1319 1 0.0 -1 -0.5928468636567625 -1 -0.10855840053480925
1320 1 0.0 -1 -0.5928468636567625 -1 -0.10855840053480925
1321 1 0.0 -1 -0.5928468636567625 -1 -0.10855840053480925
1322 1 0.0 -1 -0.5928468636567625 -1 -0.10855840053480925
1323 1 0.0 -1 -0.5928468636567625 -1 -0.10855840053480925
1324 1 0.0 -1 -0.5928468636567625 -1 -0.10855840053480925
1325 1 0.0 -1 -0.5928468636567625 -1 -0.10855840053480925
1326 1 0.0 -1 -0.5928468636567625 -1 -0.10855840053480925
1327 1 0.0 -1 -0.5928468636567625 -1 -0.10855840053480925
1328 1 0.0 -1 -0.5928468636567625 -1 -0.10855840053480925
1329 1 0.0 -1 -0.5928468636567625 -1 -0.10855840053480925
1330 1 0.0 -1 -0.5928468636567625 -1 -0.10855840053480925
1331 1 0.0 -1 -0.5928468636567625 -1 -0.10855840053480925
1332 1 0.0 -1 -0.5928468636567625 -1 -0.10855840053480925
1333 1 0.0 -1 -0.5928468636567625 -1 -0.10855840053480925
1334 1 0.0 -1 -0.5928468636567625 -1 -0.10855840053480925
1335 1 0.0 -1 -0.5928468636567625 -1 -0.10855840053480925
1336 1 0.0 -1 -0.5928468636567625 -1 -0.10855840053480925
1337 1 0.0 -1 -0.5928468636567625 -1 -0.10855840053480925
1338 1 0.0 -1 -0.5928468636567625 -1 -0.10855840053480925
1339 1 0.0 -1 -0.5928468636567625 -1 -0.10855840053480925
1340 1 0.0 -1 -0.5928468636567625 -1 -0.10855840053480925
1341 1 0.0 -1 -0.5928468636567625 -1 -0.10855840053480925
1342 1 0.0 -1 -0.5928468636567625 -1 -0.10855840053480925
1343 1 0.0 -1 -0.5928468636567625 -1 -0.10855840053480925
1344 1 0.0 -1 -0.5928468636567625 -1 -0.10855840053480925
1345 1 0.0 -1 -0.5928468636567625 -1 -0.10855840053480925
1346 1 0.0 -1 -0.5928468636567625 -1 -0.10855840053480925
1347 1 0.0 -1 -0.5928468636567625 -1 -0.10855840053480925
1348 1 0.0 -1 -0.5928468636567625 -1 -0.10855840053480925
1349 1 0.0 -1 -0.5928468636567625 -1 -0.10855840053480925
1350 1 0.0 -1 -0.5928468636567625 -1 -0.10855840053480925
1351 1 0.0 -1 -0.5928468636567625 -1 -0.10855840053480925
1352 1 0.0 -1 -0.5928468636567625 -1 -0.10855840053480925
1353 1 0.0 -1 -0.5928468636567625 -1 -0.10855840053480925
1354 1 0.0 -1 -0.5928468636567625 -1 -0.10855840053480925
1355 1 0.0 -1 -0.5928468636567625 -1 -0.10855840053480925
1356 1 0.0 -1 -0.5928468636567625 -1 -0.10855840053480925
1357 1 0.0 -1 -0.5928468636567625 -1 -0.10855840053480925
1358 1 0.0 -1 -0.5928468636567625 -1 -0.10855840053480925
1359 1 0.0 -1 -0.5928468636567625 -1 -0.10855840053480925
1360 1 0.0 -1 -0.5928468636567625 -1 -0.10855840053480925
1361 1 0.0 -1 -0.5928468636567625 -1 -0.10855840053480925
1362 1 0.0 -1 -0.5928468636567625 -1 -0.10855840053480925
1363 1 0.0 -1 -0.5928468636567625 -1 -0.10855840053480925
1364 1 0.0 -1 -0.5928468636567625 -1 -0.10855840053480925
1365 1 0.0 -1 -0.5928468636567625 -1 -0.10855840053480925
1366 1 0.0 -1 -0.5928468636567625 -1 -0.10855840053480925
1367 1 0.0 -1 -0.5928468636567625 -1 -0.10855840053480925
1368 1 0.0 -1 -0.5928468636567625 -1 -0.10855840053480925
1369 1 0.0 -1 -0.5928468636567625 -1 -0.10855840053480925
1370 1 0.0 -1 -0.5928468636567625 -1 -0.10855840053480925
1371 1 0.0 -1 -0.5928468636567625 -1 -0.10855840053480925
1372 1 0.0 -1 -0.5928468636567625 -1 -0.10855840053480925
1373 1 0.0 -1 -0.5928468636567625 -1 -0.10855840053480925
1374 1 0.0 -1 -0.5928468636567625 -1 -0.10855840053480925
1375 1 0.0 -1 -0.5928468636567625 -1 -0.10855840053480925
1376 1 0.0 -1 -0.5928468636567625 -1 -0.10855840053480925
1377 1 0.0 -1 -0.5928468636567625 -1 -0.10855840053480925
1378 1 0.0 -1 -0.5928468636567625 -1 -0.10855840053480925
1379 1 0.0 -1 -0.5928468636567625 -1 -0.10855840053480925
1380 1 0.0 -1 -0.5928468636567625 -1 -0.10855840053480925
1381 1 0.0 -1 -0.5928468636567625 -1 -0.10855840053480925
1382 1 0.0 -1 -0.5928468636567625 -1 -0.10855840053480925
1383 1 0.0 -1 -0.5928468636567625 -1 -0.10855840053480925
1384 1 0.0 -1 -0.5928468636567625 -1 -0.10855840053480925
1385 1 0.0 -1 -0.5928468636567625 -1 -0.10855840053480925
1386 1 0.0 -1 -0.5928468636567625 -1 -0.10855840053480925
1387 1 0.0 -1 -0.5928468636567625 -1 -0.10855840053480925
1388 1 0.0 -1 -0.5928468636567625 -1 -0.10855840053480925
1389 1 0.0 -1 -0.5928468636567625 -1 -0.10855840053480925
1390 1 0.0 -1 -0.5928468636567625 -1 -0.10855840053480925
1391 1 0.0 -1 -0.5928468636567625 -1 -0.10855840053480925
1392 1 0.0 -1 -0.5928468636567625 -1 -0.10855840053480925
1393 1 0.0 -1 -0.5928468636567625 -1 -0.10855840053480925
1394 1 0.0 -1 -0.5928468636567625 -1 -0.10855840053480925
1395 1 0.0 -1 -0.5928468636567625 -1 -0.10855840053480925
1396 1 0.0 -1 -0.5928468636567625 -1 -0.10855840053480925
1397 1 0.0 -1 -0.5928468636567625 -1 -0.10855840053480925
1398 1 0.0 -1 -0.5928468636567625 -1 -0.10855840053480925
1399 1 0.0 -1 -0.5928468636567625 -1 -0.10855840053480925
1400 1 0.0 -1 -0.5928468636567625 -1 -0.10855840053480925
1401 1 0.0 -1 -0.5928468636567625 -1 -0.10855840053480925
1402 1 0.0 -1 -0.5928468636567625 -1 -0.10855840053480925
1403 1 0.0 -1 -0.5928468636567625 -1 -0.10855840053480925
1404 1 0.0 -1 -0.5928468636567625 -1 -0.10855840053480925
1405 1 0.0 -1 -0.5928468636567625 -1 -0.10855840053480925
1406 1 0.0 -1 -0.5928468636567625 -1 -0.10855840053480925
1407 1 0.0 -1 -0.5928468636567625 -1 -0.10855840053480925
1408 1 0.0 -1 -0.5928468636567625 -1 -0.10855840053480925
1409 1 0.0 -1 -0.5928468636567625 -1 -0.10855840053480925
1410 1 0.0 -1 -0.5928468636567625 -1 -0.10855840053480925
1411 1 0.0 -1 -0.5928468636567625 -1 -0.10855840053480925
1412 1 0.0 -1 -0.5928468636567625 -1 -0.10855840053480925
1413 1 0.0 -1 -0.5928468636567625 -1 -0.10855840053480925
1414 1 0.0 -1 -0.5928468636567625 -1 -0.10855840053480925
1415 1 0.0 -1 -0.5928468636567625 -1 -0.10855840053480925
1416 1 0.0 -1 -0.5928468636567625 -1 -0.10855840053480925
1417 1 0.0 -1 -0.5928468636567625 -1 -0.10855840053480925
1418 1 0.0 -1 -0.5928468636567625 -1 -0.10855840053480925
1419 1 0.0 -1 -0.5928468636567625 -1 -0.10855840053480925
1420 1 0.0 -1 -0.5928468636567625 -1 -0.10855840053480925
1421 1 0.0 -1 -0.5928468636567625 -1 -0.10855840053480925
1422 1 0.0 -1 -0.5928468636567625 -1 -0.10855840053480925
1423 1 0.0 -1 -0.5928468636567625 -1 -0.10855840053480925
1424 1 0.0 -1 -0.5928468636567625 -1 -0.10855840053480925
1425 1 0.0 -1 -0.5928468636567625 -1 -0.10855840053480925
1426 1 0.0 -1 -0.5928468636567625 -1 -0.10855840053480925
1427 1 0.0 -1 -0.5928468636567625 -1 -0.10855840053480925
1428 1 0.0 -1 -0.5928468636567625 -1 -0.10855840053480925
1429 1 0.0 -1 -0.5928468636567625 -1 -0.10855840053480925
1430 1 0.0 -1 -0.5928468636567625 -1 -0.10855840053480925
1431 1 0.0 -1 -0.5928468636567625 -1 -0.10855840053480925
1432 1 0.0 -1 -0.5928468636567625 -1 -0.10855840053480925
1433 1 0.0 -1 -0.5928468636567625 -1 -0.10855840053480925
1434 1 0.0 -1 -0.5928468636567625 -1 -0.10855840053480925
1435 1 0.0 -1 -0.5928468636567625 -1 -0.10855840053480925
1436 1 0.0 -1 -0.5928468636567625 -1 -0.10855840053480925
1437 1 0.0 -1 -0.5928468636567625 -1 -0.10855840053480925
1438 1 0.0 -1 -0.5928468636567625 -1 -0.10855840053480925
1439 1 0.0 -1 -0.5928468636567625 -1 -0.10855840053480925
1440 1 0.0 -1 -0.5928468636567625 -1 -0.10855840053480925
1441 1 0.0 -1 -0.5928468636567625 -1 -0.10855840053480925
1442 1 0.0 -1 -0.5928468636567625 -1 -0.10855840053480925
1443 1 0.0 -1 -0.5928468636567625 -1 -0.10855840053480925
1444 1 0.0 -1 -0.5928468636567625 -1 -0.10855840053480925
1445 1 0.0 -1 -0.5928468636567625 -1 -0.10855840053480925
1446 1 0.0 -1 -0.5928468636567625 -1 -0.10855840053480925
1447 1 0.0 -1 -0.5928468636567625 -1 -0.10855840053480925
1448 1 0.0 -1 -0.5928468636567625 -1 -0.10855840053480925
1449 1 0.0 -1 -0.5928468636567625 -1 -0.10855840053480925
1450 1 0.0 -1 -0.5928468636567625 -1 -0.10855840053480925
1451 1 0.0 -1 -0.5928468636567625 -1 -0.10855840053480925
1452 1 0.0 -1 -0.5928468636567625 -1 -0.10855840053480925
1453 1 0.0 -1 -0.5928468636567625 -1 -0.10855840053480925
1454 1 0.0 -1 -0.5928468636567625 -1 -0.10855840053480925
1455 1 0.0 -1 -0.5928468636567625 -1 -0.10855840053480925
1456 1 0.0 -1 -0.5928468636567625 -1 -0.10855840053480925
1457 1 0.0 -1 -0.5928468636567625 -1 -0.10855840053480925
1458 1 0.0 -1 -0.5928468636567625 -1 -0.10855840053480925
1459 1 0.0 -1 -0.5928468636567625 -1 -0.10855840053480925
1460 1 0.0 -1 -0.5928468636567625 -1 -0.10855840053480925
1461 1 0.0 -1 -0.5928468636567625 -1 -0.10855840053480925
1462 1 0.0 -1 -0.5928468636567625 -1 -0.10855840053480925
1463 1 0.0 -1 -0.5928468636567625 -1 -0.10855840053480925
1464 1 0.0 -1 -0.5928468636567625 -1 -0.10855840053480925
1465 1 0.0 -1 -0.5928468636567625 -1 -0.10855840053480925
1466 1 0.0 -1 -0.5928468636567625 -1 -0.10855840053480925
1467 1 0.0 -1 -0.5928468636567625 -1 -0.10855840053480925
1468 1 0.0 -1 -0.5928468636567625 -1 -0.10855840053480925
1469 1 0.0 -1 -0.5928468636567625 -1 -0.10855840053480925
1470 1 0.0 -1 -0.5928468636567625 -1 -0.10855840053480925
1471 1 0.0 -1 -0.5928468636567625 -1 -0.10855840053480925
1472 1 0.0 -1 -0.5928468636567625 -1 -0.10855840053480925
1473 1 0.0 -1 -0.5928468636567625 -1 -0.10855840053480925
1474 1 0.0 -1 -0.5928468636567625 -1 -0.10855840053480925
1475 1 0.0 -1 -0.5928468636567625 -1 -0.10855840053480925
1476 1 0.0 -1 -0.5928468636567625 -1 -0.10855840053480925
1477 1 0.0 -1 -0.5928468636567625 -1 -0.10855840053480925
1478 1 0.0 -1 -0.5928468636567625 -1 -0.10855840053480925
1479 1 0.0 -1 -0.5928468636567625 -1 -0.10855840053480925
1480 1 0.0 -1 -0.5928468636567625 -1 -0.10855840053480925
1481 1 0.0 -1 -0.5928468636567625 -1 -0.10855840053480925
1482 1 0.0 -1 -0.5928468636567625 -1 -0.10855840053480925
1483 1 0.0 -1 -0.5928468636567625 -1 -0.10855840053480925
1484 1 0.0 -1 -0.5928468636567625 -1 -0.10855840053480925
1485 1 0.0 -1 -0.5928468636567625 -1 -0.10855840053480925
1486 1 0.0 -1 -0.5928468636567625 -1 -0.10855840053480925
1487 1 0.0 -1 -0.5928468636567625 -1 -0.10855840053480925
1488 1 0.0 -1 -0.5928468636567625 -1 -0.10855840053480925
1489 1 0.0 -1 -0.5928468636567625 -1 -0.10855840053480925
1490 1 0.0 -1 -0.5928468636567625 -1 -0.10855840053480925
1491 1 0.0 -1 -0.5928468636567625 -1 -0.10855840053480925
1492 1 0.0 -1 -0.5928468636567625 -1 -0.10855840053480925
1493 1 0.0 -1 -0.5928468636567625 -1 -0.10855840053480925
1494 1 0.0 -1 -0.5928468636567625 -1 -0.10855840053480925
1495 1 0.0 -1 -0.5928468636567625 -1 -0.10855840053480925
1496 1 0.0 -1 -0.5928468636567625 -1 -0.10855840053480925
1497 1 0.0 -1 -0.5928468636567625 -1 -0.10855840053480925
1498 1 0.0 -1 -0.5928468636567625 -1 -0.10855840053480925
1499 1 0.0 -1 -0.5928468636567625 -1 -0.10855840053480925
1500 1 0.0 -1 -0.5928468636567625 -1 -0.10855840053480925
