1 1 0.0 -1 -0.7364774443012465 -1 -0.4247814289015057
2 1 0.0 -1 -0.7364774443012465 -1 -0.4247814289015057
3 1 0.0 -1 -0.7364774443012465 -1 -0.4247814289015057
4 1 0.0 -1 -0.7364774443012465 -1 -0.4247814289015057
5 1 0.0 -1 -0.7364774443012465 -1 -0.4247814289015057
6 1 0.0 -1 -0.7364774443012465 -1 -0.4247814289015057
7 1 0.0 -1 -0.7364774443012465 -1 -0.4247814289015057
8 1 0.0 -1 -0.7364774443012465 -1 -0.4247814289015057
9 1 0.0 -1 -0.7364774443012465 -1 -0.4247814289015057
10 1 0.0 -1 -0.7364774443012465 -1 -0.4247814289015057
11 1 0.0 -1 -0.7364774443012465 -1 -0.4247814289015057
12 1 0.0 -1 -0.7364774443012465 -1 -0.4247814289015057
13 1 0.0 -1 -0.7364774443012465 -1 -0.4247814289015057
14 1 0.0 -1 -0.7364774443012465 -1 -0.4247814289015057
15 1 0.0 -1 -0.7364774443012465 -1 -0.4247814289015057
16 1 0.0 -1 -0.7364774443012465 -1 -0.4247814289015057
17 1 0.0 -1 -0.7364774443012465 -1 -0.4247814289015057
18 1 0.0 -1 -0.7364774443012465 -1 -0.4247814289015057
19 1 0.0 -1 -0.7364774443012465 -1 -0.4247814289015057
20 1 0.0 -1 -0.7364774443012465 -1 -0.4247814289015057
21 1 0.0 -1 -0.7364774443012465 -1 -0.4247814289015057
22 1 0.0 -1 -0.7364774443012465 -1 -0.4247814289015057
23 1 0.0 -1 -0.7364774443012465 -1 -0.4247814289015057
24 1 0.0 -1 -0.7364774443012465 -1 -0.4247814289015057
25 1 0.0 -1 -0.7364774443012465 -1 -0.4247814289015057
26 1 0.0 -1 -0.7364774443012465 -1 -0.4247814289015057
27 1 0.0 -1 -0.7364774443012465 -1 -0.4247814289015057
28 1 0.0 -1 -0.7364774443012465 -1 -0.4247814289015057
29 1 0.0 -1 -0.7364774443012465 -1 -0.4247814289015057
30 1 0.0 -1 -0.7364774443012465 -1 -0.4247814289015057
31 1 0.0 -1 -0.7364774443012465 -1 -0.4247814289015057
32 1 0.0 -1 -0.7364774443012465 -1 -0.4247814289015057
33 1 0.0 -1 -0.7364774443012465 -1 -0.4247814289015057
34 1 0.0 -1 -0.7364774443012465 -1 -0.4247814289015057
35 1 0.0 -1 -0.7364774443012465 -1 -0.4247814289015057
36 1 0.0 -1 -0.7364774443012465 -1 -0.4247814289015057
37 1 0.0 -1 -0.7364774443012465 -1 -0.4247814289015057
38 1 0.0 -1 -0.7364774443012465 -1 -0.4247814289015057
39 1 0.0 -1 -0.7364774443012465 -1 -0.4247814289015057
40 1 0.0 -1 -0.7364774443012465 -1 -0.4247814289015057
41 1 0.0 -1 -0.7364774443012465 -1 -0.4247814289015057
42 1 0.0 -1 -0.7364774443012465 -1 -0.4247814289015057
43 1 0.0 -1 -0.7364774443012465 -1 -0.4247814289015057
44 1 0.0 -1 -0.7364774443012465 -1 -0.4247814289015057
45 1 0.0 -1 -0.7364774443012465 -1 -0.4247814289015057
46 1 0.0 -1 -0.7364774443012465 -1 -0.4247814289015057
47 1 0.0 -1 -0.7364774443012465 -1 -0.4247814289015057
48 1 0.0 -1 -0.7364774443012465 -1 -0.4247814289015057
49 1 0.0 -1 -0.7364774443012465 -1 -0.4247814289015057
50 1 0.0 -1 -0.7364774443012465 -1 -0.4247814289015057
51 1 0.0 -1 -0.7364774443012465 -1 -0.4247814289015057
52 1 0.0 -1 -0.7364774443012465 -1 -0.4247814289015057
53 1 0.0 -1 -0.7364774443012465 -1 -0.4247814289015057
54 1 0.0 -1 -0.7364774443012465 -1 -0.4247814289015057
55 1 0.0 -1 -0.7364774443012465 -1 -0.4247814289015057
56 1 0.0 -1 -0.7364774443012465 -1 -0.4247814289015057
57 1 0.0 -1 -0.7364774443012465 -1 -0.4247814289015057
58 1 0.0 -1 -0.7364774443012465 -1 -0.4247814289015057
59 1 0.0 -1 -0.7364774443012465 -1 -0.4247814289015057
60 1 0.0 -1 -0.7364774443012465 -1 -0.4247814289015057
61 1 0.0 -1 -0.7364774443012465 -1 -0.4247814289015057
62 1 0.0 -1 -0.7364774443012465 -1 -0.4247814289015057
63 1 0.0 -1 -0.7364774443012465 -1 -0.4247814289015057
64 1 0.0 -1 -0.7364774443012465 -1 -0.4247814289015057
65 1 0.0 -1 -0.7364774443012465 -1 -0.4247814289015057
66 1 0.0 -1 -0.7364774443012465 -1 -0.4247814289015057
67 1 0.0 -1 -0.7364774443012465 -1 -0.4247814289015057
68 1 0.0 -1 -0.7364774443012465 -1 -0.4247814289015057
69 1 0.0 -1 -0.7364774443012465 -1 -0.4247814289015057
70 1 0.0 -1 -0.7364774443012465 -1 -0.4247814289015057
71 1 0.0 -1 -0.7364774443012465 -1 -0.4247814289015057
72 1 0.0 -1 -0.7364774443012465 -1 -0.4247814289015057
73 1 0.0 -1 -0.7364774443012465 -1 -0.4247814289015057
74 1 0.0 -1 -0.7364774443012465 -1 -0.4247814289015057
75 1 0.0 -1 -0.7364774443012465 -1 -0.4247814289015057
76 1 0.0 -1 -0.7364774443012465 -1 -0.4247814289015057
77 1 0.0 -1 -0.7364774443012465 -1 -0.4247814289015057
78 1 0.0 -1 -0.7364774443012465 -1 -0.4247814289015057
79 1 0.0 -1 -0.7364774443012465 -1 -0.4247814289015057
80 1 0.0 -1 -0.7364774443012465 -1 -0.4247814289015057
81 1 0.0 -1 -0.7364774443012465 -1 -0.4247814289015057
82 1 0.0 -1 -0.7364774443012465 -1 -0.4247814289015057
83 1 0.0 -1 -0.7364774443012465 -1 -0.4247814289015057
84 1 0.0 -1 -0.7364774443012465 -1 -0.4247814289015057
85 1 0.0 -1 -0.7364774443012465 -1 -0.4247814289015057
86 1 0.0 -1 -0.7364774443012465 -1 -0.4247814289015057
87 1 0.0 -1 -0.7364774443012465 -1 -0.4247814289015057
88 1 0.0 -1 -0.7364774443012465 -1 -0.4247814289015057
89 1 0.0 -1 -0.7364774443012465 -1 -0.4247814289015057
90 1 0.0 -1 -0.7364774443012465 -1 -0.4247814289015057
91 1 0.0 -1 -0.7364774443012465 -1 -0.4247814289015057
92 1 0.0 -1 -0.7364774443012465 -1 -0.4247814289015057
93 1 0.0 -1 -0.7364774443012465 -1 -0.4247814289015057
94 1 0.0 -1 -0.7364774443012465 -1 -0.4247814289015057
95 1 0.0 -1 -0.7364774443012465 -1 -0.4247814289015057
96 1 0.0 -1 -0.7364774443012465 -1 -0.4247814289015057
97 1 0.0 -1 -0.7364774443012465 -1 -0.4247814289015057
98 1 0.0 -1 -0.7364774443012465 -1 -0.4247814289015057
99 1 0.0 -1 -0.7364774443012465 -1 -0.4247814289015057
100 1 0.0 -1 -0.7364774443012465 -1 -0.4247814289015057
101 1 0.0 -1 -0.7364774443012465 -1 -0.4247814289015057
102 1 0.0 -1 -0.7364774443012465 -1 -0.4247814289015057
103 1 0.0 -1 -0.7364774443012465 -1 -0.4247814289015057
104 1 0.0 -1 -0.7364774443012465 -1 -0.4247814289015057
105 1 0.0 -1 -0.7364774443012465 -1 -0.4247814289015057
106 1 0.0 -1 -0.7364774443012465 -1 -0.4247814289015057
107 1 0.0 -1 -0.7364774443012465 -1 -0.4247814289015057
108 1 0.0 -1 -0.7364774443012465 -1 -0.4247814289015057
109 1 0.0 -1 -0.7364774443012465 -1 -0.4247814289015057
110 1 0.0 -1 -0.7364774443012465 -1 -0.4247814289015057
111 1 0.0 -1 -0.7364774443012465 -1 -0.4247814289015057
112 1 0.0 -1 -0.7364774443012465 -1 -0.4247814289015057
113 1 0.0 -1 -0.7364774443012465 -1 -0.4247814289015057
114 1 0.0 -1 -0.7364774443012465 -1 -0.4247814289015057
115 1 0.0 -1 -0.7364774443012465 -1 -0.4247814289015057
116 1 0.0 -1 -0.7364774443012465 -1 -0.4247814289015057
117 1 0.0 -1 -0.7364774443012465 -1 -0.4247814289015057
118 1 0.0 -1 -0.7364774443012465 -1 -0.4247814289015057
119 1 0.0 -1 -0.7364774443012465 -1 -0.4247814289015057
120 1 0.0 -1 -0.7364774443012465 -1 -0.4247814289015057
121 1 0.0 -1 -0.7364774443012465 -1 -0.4247814289015057
122 1 0.0 -1 -0.7364774443012465 -1 -0.4247814289015057
123 1 0.0 -1 -0.7364774443012465 -1 -0.4247814289015057
124 1 0.0 -1 -0.7364774443012465 -1 -0.4247814289015057
125 1 0.0 -1 -0.7364774443012465 -1 -0.4247814289015057
126 1 0.0 -1 -0.7364774443012465 -1 -0.4247814289015057
127 1 0.0 -1 -0.7364774443012465 -1 -0.4247814289015057
128 1 0.0 -1 -0.7364774443012465 -1 -0.4247814289015057
129 1 0.0 -1 -0.7364774443012465 -1 -0.4247814289015057
130 1 0.0 -1 -0.7364774443012465 -1 -0.4247814289015057
131 1 0.0 -1 -0.7364774443012465 -1 -0.4247814289015057
132 1 0.0 -1 -0.7364774443012465 -1 -0.4247814289015057
133 1 0.0 -1 -0.7364774443012465 -1 -0.4247814289015057
134 1 0.0 -1 -0.7364774443012465 -1 -0.4247814289015057
135 1 0.0 -1 -0.7364774443012465 -1 -0.4247814289015057
136 1 0.0 -1 -0.7364774443012465 -1 -0.4247814289015057
137 1 0.0 -1 -0.7364774443012465 -1 -0.4247814289015057
138 1 0.0 -1 -0.7364774443012465 -1 -0.4247814289015057
139 1 0.0 -1 -0.7364774443012465 -1 -0.4247814289015057
140 1 0.0 -1 -0.7364774443012465 -1 -0.4247814289015057
141 1 0.0 -1 -0.7364774443012465 -1 -0.4247814289015057
142 1 0.0 -1 -0.7364774443012465 -1 -0.4247814289015057
143 1 0.0 -1 -0.7364774443012465 -1 -0.4247814289015057
144 1 0.0 -1 -0.7364774443012465 -1 -0.4247814289015057
145 1 0.0 -1 -0.7364774443012465 -1 -0.4247814289015057
146 1 0.0 -1 -0.7364774443012465 -1 -0.4247814289015057
147 1 0.0 -1 -0.7364774443012465 -1 -0.4247814289015057
148 1 0.0 -1 -0.7364774443012465 -1 -0.4247814289015057
149 1 0.0 -1 -0.7364774443012465 -1 -0.4247814289015057
150 1 0.0 -1 -0.7364774443012465 -1 -0.4247814289015057
151 1 0.0 -1 -0.7364774443012465 -1 -0.4247814289015057
152 1 0.0 -1 -0.7364774443012465 -1 -0.4247814289015057
153 1 0.0 -1 -0.7364774443012465 -1 -0.4247814289015057
154 1 0.0 -1 -0.7364774443012465 -1 -0.4247814289015057
155 1 0.0 -1 -0.7364774443012465 -1 -0.4247814289015057
156 1 0.0 -1 -0.7364774443012465 -1 -0.4247814289015057
157 1 0.0 -1 -0.7364774443012465 -1 -0.4247814289015057
158 1 0.0 -1 -0.7364774443012465 -1 -0.4247814289015057
159 1 0.0 -1 -0.7364774443012465 -1 -0.4247814289015057
160 1 0.0 -1 -0.7364774443012465 -1 -0.4247814289015057
161 1 0.0 -1 -0.7364774443012465 -1 -0.4247814289015057
162 1 0.0 -1 -0.7364774443012465 -1 -0.4247814289015057
163 1 0.0 -1 -0.7364774443012465 -1 -0.4247814289015057
164 1 0.0 -1 -0.7364774443012465 -1 -0.4247814289015057
165 1 0.0 -1 -0.7364774443012465 -1 -0.4247814289015057
166 1 0.0 -1 -0.7364774443012465 -1 -0.4247814289015057
167 1 0.0 -1 -0.7364774443012465 -1 -0.4247814289015057
168 1 0.0 -1 -0.7364774443012465 -1 -0.4247814289015057
169 1 0.0 -1 -0.7364774443012465 -1 -0.4247814289015057
170 1 0.0 -1 -0.7364774443012465 -1 -0.4247814289015057
171 1 0.0 -1 -0.7364774443012465 -1 -0.4247814289015057
172 1 0.0 -1 -0.7364774443012465 -1 -0.4247814289015057
173 1 0.0 -1 -0.7364774443012465 -1 -0.4247814289015057
174 1 0.0 -1 -0.7364774443012465 -1 -0.4247814289015057
175 1 0.0 -1 -0.7364774443012465 -1 -0.4247814289015057
176 1 0.0 -1 -0.7364774443012465 -1 -0.4247814289015057
177 1 0.0 -1 -0.7364774443012465 -1 -0.4247814289015057
178 1 0.0 -1 -0.7364774443012465 -1 -0.4247814289015057
179 1 0.0 -1 -0.7364774443012465 -1 -0.4247814289015057
180 1 0.0 -1 -0.7364774443012465 -1 -0.4247814289015057
181 1 0.0 -1 -0.7364774443012465 -1 -0.4247814289015057
182 1 0.0 -1 -0.7364774443012465 -1 -0.4247814289015057
183 1 0.0 -1 -0.7364774443012465 -1 -0.4247814289015057
184 1 0.0 -1 -0.7364774443012465 -1 -0.4247814289015057
185 1 0.0 -1 -0.7364774443012465 -1 -0.4247814289015057
186 1 0.0 -1 -0.7364774443012465 -1 -0.4247814289015057
187 1 0.0 -1 -0.7364774443012465 -1 -0.4247814289015057
188 1 0.0 -1 -0.7364774443012465 -1 -0.4247814289015057
189 1 0.0 -1 -0.7364774443012465 -1 -0.4247814289015057
190 1 0.0 -1 -0.7364774443012465 -1 -0.4247814289015057
191 1 0.0 -1 -0.7364774443012465 -1 -0.4247814289015057
192 1 0.0 -1 -0.7364774443012465 -1 -0.4247814289015057
193 1 0.0 -1 -0.7364774443012465 -1 -0.4247814289015057
194 1 0.0 -1 -0.7364774443012465 -1 -0.4247814289015057
195 1 0.0 -1 -0.7364774443012465 -1 -0.4247814289015057
196 1 0.0 -1 -0.7364774443012465 -1 -0.4247814289015057
197 1 0.0 -1 -0.7364774443012465 -1 -0.4247814289015057
198 1 0.0 -1 -0.7364774443012465 -1 -0.4247814289015057
199 1 0.0 -1 -0.7364774443012465 -1 -0.4247814289015057
200 1 0.0 -1 -0.7364774443012465 -1 -0.4247814289015057
201 1 0.0 -1 -0.7364774443012465 -1 -0.4247814289015057
202 1 0.0 -1 -0.7364774443012465 -1 -0.4247814289015057
203 1 0.0 -1 -0.7364774443012465 -1 -0.4247814289015057
204 1 0.0 -1 -0.7364774443012465 -1 -0.4247814289015057
205 1 0.0 -1 -0.7364774443012465 -1 -0.4247814289015057
206 1 0.0 -1 -0.7364774443012465 -1 -0.4247814289015057
207 1 0.0 -1 -0.7364774443012465 -1 -0.4247814289015057
208 1 0.0 -1 -0.7364774443012465 -1 -0.4247814289015057
209 1 0.0 -1 -0.7364774443012465 -1 -0.4247814289015057
210 1 0.0 -1 -0.7364774443012465 -1 -0.4247814289015057
211 1 0.0 -1 -0.7364774443012465 -1 -0.4247814289015057
212 1 0.0 -1 -0.7364774443012465 -1 -0.4247814289015057
213 1 0.0 -1 -0.7364774443012465 -1 -0.4247814289015057
214 1 0.0 -1 -0.7364774443012465 -1 -0.4247814289015057
215 1 0.0 -1 -0.7364774443012465 -1 -0.4247814289015057
216 1 0.0 -1 -0.7364774443012465 -1 -0.4247814289015057
217 1 0.0 -1 -0.7364774443012465 -1 -0.4247814289015057
218 1 0.0 -1 -0.7364774443012465 -1 -0.4247814289015057
219 1 0.0 -1 -0.7364774443012465 -1 -0.4247814289015057
220 1 0.0 -1 -0.7364774443012465 -1 -0.4247814289015057
221 1 0.0 -1 -0.7364774443012465 -1 -0.4247814289015057
222 1 0.0 -1 -0.7364774443012465 -1 -0.4247814289015057
223 1 0.0 -1 -0.7364774443012465 -1 -0.4247814289015057
224 1 0.0 -1 -0.7364774443012465 -1 -0.4247814289015057
225 1 0.0 -1 -0.7364774443012465 -1 -0.4247814289015057
226 1 0.0 -1 -0.7364774443012465 -1 -0.4247814289015057
227 1 0.0 -1 -0.7364774443012465 -1 -0.4247814289015057
228 1 0.0 -1 -0.7364774443012465 -1 -0.4247814289015057
229 1 0.0 -1 -0.7364774443012465 -1 -0.4247814289015057
230 1 0.0 -1 -0.7364774443012465 -1 -0.4247814289015057
231 1 0.0 -1 -0.7364774443012465 -1 -0.4247814289015057
232 1 0.0 -1 -0.7364774443012465 -1 -0.4247814289015057
233 1 0.0 -1 -0.7364774443012465 -1 -0.4247814289015057
234 1 0.0 -1 -0.7364774443012465 -1 -0.4247814289015057
235 1 0.0 -1 -0.7364774443012465 -1 -0.4247814289015057
236 1 0.0 -1 -0.7364774443012465 -1 -0.4247814289015057
237 1 0.0 -1 -0.7364774443012465 -1 -0.4247814289015057
238 1 0.0 -1 -0.7364774443012465 -1 -0.4247814289015057
239 1 0.0 -1 -0.7364774443012465 -1 -0.4247814289015057
240 1 0.0 -1 -0.7364774443012465 -1 -0.4247814289015057
241 1 0.0 -1 -0.7364774443012465 -1 -0.4247814289015057
242 1 0.0 -1 -0.7364774443012465 -1 -0.4247814289015057
243 1 0.0 -1 -0.7364774443012465 -1 -0.4247814289015057
244 1 0.0 -1 -0.7364774443012465 -1 -0.4247814289015057
245 1 0.0 -1 -0.7364774443012465 -1 -0.4247814289015057
246 1 0.0 -1 -0.7364774443012465 -1 -0.4247814289015057
247 1 0.0 -1 -0.7364774443012465 -1 -0.4247814289015057
248 1 0.0 -1 -0.7364774443012465 -1 -0.4247814289015057
249 1 0.0 -1 -0.7364774443012465 -1 -0.4247814289015057
250 1 0.0 -1 -0.7364774443012465 -1 -0.4247814289015057
251 1 0.0 -1 -0.7364774443012465 -1 -0.4247814289015057
252 1 0.0 -1 -0.7364774443012465 -1 -0.4247814289015057
253 1 0.0 -1 -0.7364774443012465 -1 -0.4247814289015057
254 1 0.0 -1 -0.7364774443012465 -1 -0.4247814289015057
255 1 0.0 -1 -0.7364774443012465 -1 -0.4247814289015057
256 1 0.0 -1 -0.7364774443012465 -1 -0.4247814289015057
257 1 0.0 -1 -0.7364774443012465 -1 -0.4247814289015057
258 1 0.0 -1 -0.7364774443012465 -1 -0.4247814289015057
259 1 0.0 -1 -0.7364774443012465 -1 -0.4247814289015057
260 1 0.0 -1 -0.7364774443012465 -1 -0.4247814289015057
261 1 0.0 -1 -0.7364774443012465 -1 -0.4247814289015057
262 1 0.0 -1 -0.7364774443012465 -1 -0.4247814289015057
263 1 0.0 -1 -0.7364774443012465 -1 -0.4247814289015057
264 1 0.0 -1 -0.7364774443012465 -1 -0.4247814289015057
265 1 0.0 -1 -0.7364774443012465 -1 -0.4247814289015057
266 1 0.0 -1 -0.7364774443012465 -1 -0.4247814289015057
267 1 0.0 -1 -0.7364774443012465 -1 -0.4247814289015057
268 1 0.0 -1 -0.7364774443012465 -1 -0.4247814289015057
269 1 0.0 -1 -0.7364774443012465 -1 -0.4247814289015057
270 1 0.0 -1 -0.7364774443012465 -1 -0.4247814289015057
271 1 0.0 -1 -0.7364774443012465 -1 -0.4247814289015057
272 1 0.0 -1 -0.7364774443012465 -1 -0.4247814289015057
273 1 0.0 -1 -0.7364774443012465 -1 -0.4247814289015057
274 1 0.0 -1 -0.7364774443012465 -1 -0.4247814289015057
275 1 0.0 -1 -0.7364774443012465 -1 -0.4247814289015057
276 1 0.0 -1 -0.7364774443012465 -1 -0.4247814289015057
277 1 0.0 -1 -0.7364774443012465 -1 -0.4247814289015057
278 1 0.0 -1 -0.7364774443012465 -1 -0.4247814289015057
279 1 0.0 -1 -0.7364774443012465 -1 -0.4247814289015057
280 1 0.0 -1 -0.7364774443012465 -1 -0.4247814289015057
281 1 0.0 -1 -0.7364774443012465 -1 -0.4247814289015057
282 1 0.0 -1 -0.7364774443012465 -1 -0.4247814289015057
283 1 0.0 -1 -0.7364774443012465 -1 -0.4247814289015057
284 1 0.0 -1 -0.7364774443012465 -1 -0.4247814289015057
285 1 0.0 -1 -0.7364774443012465 -1 -0.4247814289015057
286 1 0.0 -1 -0.7364774443012465 -1 -0.4247814289015057
287 1 0.0 -1 -0.7364774443012465 -1 -0.4247814289015057
288 1 0.0 -1 -0.7364774443012465 -1 -0.4247814289015057
289 1 0.0 -1 -0.7364774443012465 -1 -0.4247814289015057
290 1 0.0 -1 -0.7364774443012465 -1 -0.4247814289015057
291 1 0.0 -1 -0.7364774443012465 -1 -0.4247814289015057
292 1 0.0 -1 -0.7364774443012465 -1 -0.4247814289015057
293 1 0.0 -1 -0.7364774443012465 -1 -0.4247814289015057
294 1 0.0 -1 -0.7364774443012465 -1 -0.4247814289015057
295 1 0.0 -1 -0.7364774443012465 -1 -0.4247814289015057
296 1 0.0 -1 -0.7364774443012465 -1 -0.4247814289015057
297 1 0.0 -1 -0.7364774443012465 -1 -0.4247814289015057
298 1 0.0 -1 -0.7364774443012465 -1 -0.4247814289015057
299 1 0.0 -1 -0.7364774443012465 -1 -0.4247814289015057
300 1 0.0 -1 -0.7364774443012465 -1 -0.4247814289015057
301 1 0.0 -1 -0.7364774443012465 -1 -0.4247814289015057
302 1 0.0 -1 -0.7364774443012465 -1 -0.4247814289015057
303 1 0.0 -1 -0.7364774443012465 -1 -0.4247814289015057
304 1 0.0 -1 -0.7364774443012465 -1 -0.4247814289015057
305 1 0.0 -1 -0.7364774443012465 -1 -0.4247814289015057
306 1 0.0 -1 -0.7364774443012465 -1 -0.4247814289015057
307 1 0.0 -1 -0.7364774443012465 -1 -0.4247814289015057
308 1 0.0 -1 -0.7364774443012465 -1 -0.4247814289015057
309 1 0.0 -1 -0.7364774443012465 -1 -0.4247814289015057
310 1 0.0 -1 -0.7364774443012465 -1 -0.4247814289015057
311 1 0.0 -1 -0.7364774443012465 -1 -0.4247814289015057
312 1 0.0 -1 -0.7364774443012465 -1 -0.4247814289015057
313 1 0.0 -1 -0.7364774443012465 -1 -0.4247814289015057
314 1 0.0 -1 -0.7364774443012465 -1 -0.4247814289015057
315 1 0.0 -1 -0.7364774443012465 -1 -0.4247814289015057
316 1 0.0 -1 -0.7364774443012465 -1 -0.4247814289015057
317 1 0.0 -1 -0.7364774443012465 -1 -0.4247814289015057
318 1 0.0 -1 -0.7364774443012465 -1 -0.4247814289015057
319 1 0.0 -1 -0.7364774443012465 -1 -0.4247814289015057
320 1 0.0 -1 -0.7364774443012465 -1 -0.4247814289015057
321 1 0.0 -1 -0.7364774443012465 -1 -0.4247814289015057
322 1 0.0 -1 -0.7364774443012465 -1 -0.4247814289015057
323 1 0.0 -1 -0.7364774443012465 -1 -0.4247814289015057
324 1 0.0 -1 -0.7364774443012465 -1 -0.4247814289015057
325 1 0.0 -1 -0.7364774443012465 -1 -0.4247814289015057
326 1 0.0 -1 -0.7364774443012465 -1 -0.4247814289015057
327 1 0.0 -1 -0.7364774443012465 -1 -0.4247814289015057
328 1 0.0 -1 -0.7364774443012465 -1 -0.4247814289015057
329 1 0.0 -1 -0.7364774443012465 -1 -0.4247814289015057
330 1 0.0 -1 -0.7364774443012465 -1 -0.4247814289015057
331 1 0.0 -1 -0.7364774443012465 -1 -0.4247814289015057
332 1 0.0 -1 -0.7364774443012465 -1 -0.4247814289015057
333 1 0.0 -1 -0.7364774443012465 -1 -0.4247814289015057
334 1 0.0 -1 -0.7364774443012465 -1 -0.4247814289015057
335 1 0.0 -1 -0.7364774443012465 -1 -0.4247814289015057
336 1 0.0 -1 -0.7364774443012465 -1 -0.4247814289015057
337 1 0.0 -1 -0.7364774443012465 -1 -0.4247814289015057
338 1 0.0 -1 -0.7364774443012465 -1 -0.4247814289015057
339 1 0.0 -1 -0.7364774443012465 -1 -0.4247814289015057
340 1 0.0 -1 -0.7364774443012465 -1 -0.4247814289015057
341 1 0.0 -1 -0.7364774443012465 -1 -0.4247814289015057
342 1 0.0 -1 -0.7364774443012465 -1 -0.4247814289015057
343 1 0.0 -1 -0.7364774443012465 -1 -0.4247814289015057
344 1 0.0 -1 -0.7364774443012465 -1 -0.4247814289015057
345 1 0.0 -1 -0.7364774443012465 -1 -0.4247814289015057
346 1 0.0 -1 -0.7364774443012465 -1 -0.4247814289015057
347 1 0.0 -1 -0.7364774443012465 -1 -0.4247814289015057
348 1 0.0 -1 -0.7364774443012465 -1 -0.4247814289015057
349 1 0.0 -1 -0.7364774443012465 -1 -0.4247814289015057
350 1 0.0 -1 -0.7364774443012465 -1 -0.4247814289015057
351 1 0.0 -1 -0.7364774443012465 -1 -0.4247814289015057
352 1 0.0 -1 -0.7364774443012465 -1 -0.4247814289015057
353 1 0.0 -1 -0.7364774443012465 -1 -0.4247814289015057
354 1 0.0 -1 -0.7364774443012465 -1 -0.4247814289015057
355 1 0.0 -1 -0.7364774443012465 -1 -0.4247814289015057
356 1 0.0 -1 -0.7364774443012465 -1 -0.4247814289015057
357 1 0.0 -1 -0.7364774443012465 -1 -0.4247814289015057
358 1 0.0 -1 -0.7364774443012465 -1 -0.4247814289015057
359 1 0.0 -1 -0.7364774443012465 -1 -0.4247814289015057
360 1 0.0 -1 -0.7364774443012465 -1 -0.4247814289015057
361 1 0.0 -1 -0.7364774443012465 -1 -0.4247814289015057
362 1 0.0 -1 -0.7364774443012465 -1 -0.4247814289015057
363 1 0.0 -1 -0.7364774443012465 -1 -0.4247814289015057
364 1 0.0 -1 -0.7364774443012465 -1 -0.4247814289015057
365 1 0.0 -1 -0.7364774443012465 -1 -0.4247814289015057
366 1 0.0 -1 -0.7364774443012465 -1 -0.4247814289015057
367 1 0.0 -1 -0.7364774443012465 -1 -0.4247814289015057
368 1 0.0 -1 -0.7364774443012465 -1 -0.4247814289015057
369 1 0.0 -1 -0.7364774443012465 -1 -0.4247814289015057
370 1 0.0 -1 -0.7364774443012465 -1 -0.4247814289015057
371 1 0.0 -1 -0.7364774443012465 -1 -0.4247814289015057
372 1 0.0 -1 -0.7364774443012465 -1 -0.4247814289015057
373 1 0.0 -1 -0.7364774443012465 -1 -0.4247814289015057
374 1 0.0 -1 -0.7364774443012465 -1 -0.4247814289015057
375 1 0.0 -1 -0.7364774443012465 -1 -0.4247814289015057
376 1 0.0 -1 -0.7364774443012465 -1 -0.4247814289015057
377 1 0.0 -1 -0.7364774443012465 -1 -0.4247814289015057
378 1 0.0 -1 -0.7364774443012465 -1 -0.4247814289015057
379 1 0.0 -1 -0.7364774443012465 -1 -0.4247814289015057
380 1 0.0 -1 -0.7364774443012465 -1 -0.4247814289015057
381 1 0.0 -1 -0.7364774443012465 -1 -0.4247814289015057
382 1 0.0 -1 -0.7364774443012465 -1 -0.4247814289015057
383 1 0.0 -1 -0.7364774443012465 -1 -0.4247814289015057
384 1 0.0 -1 -0.7364774443012465 -1 -0.4247814289015057
385 1 0.0 -1 -0.7364774443012465 -1 -0.4247814289015057
386 1 0.0 -1 -0.7364774443012465 -1 -0.4247814289015057
387 1 0.0 -1 -0.7364774443012465 -1 -0.4247814289015057
388 1 0.0 -1 -0.7364774443012465 -1 -0.4247814289015057
389 1 0.0 -1 -0.7364774443012465 -1 -0.4247814289015057
390 1 0.0 -1 -0.7364774443012465 -1 -0.4247814289015057
391 1 0.0 -1 -0.7364774443012465 -1 -0.4247814289015057
392 1 0.0 -1 -0.7364774443012465 -1 -0.4247814289015057
393 1 0.0 -1 -0.7364774443012465 -1 -0.4247814289015057
394 1 0.0 -1 -0.7364774443012465 -1 -0.4247814289015057
395 1 0.0 -1 -0.7364774443012465 -1 -0.4247814289015057
396 1 0.0 -1 -0.7364774443012465 -1 -0.4247814289015057
397 1 0.0 -1 -0.7364774443012465 -1 -0.4247814289015057
398 1 0.0 -1 -0.7364774443012465 -1 -0.4247814289015057
399 1 0.0 -1 -0.7364774443012465 -1 -0.4247814289015057
400 1 0.0 -1 -0.7364774443012465 -1 -0.4247814289015057
401 1 0.0 -1 -0.7364774443012465 -1 -0.4247814289015057
402 1 0.0 -1 -0.7364774443012465 -1 -0.4247814289015057
403 1 0.0 -1 -0.7364774443012465 -1 -0.4247814289015057
404 1 0.0 -1 -0.7364774443012465 -1 -0.4247814289015057
405 1 0.0 -1 -0.7364774443012465 -1 -0.4247814289015057
406 1 0.0 -1 -0.7364774443012465 -1 -0.4247814289015057
407 1 0.0 -1 -0.7364774443012465 -1 -0.4247814289015057
408 1 0.0 -1 -0.7364774443012465 -1 -0.4247814289015057
409 1 0.0 -1 -0.7364774443012465 -1 -0.4247814289015057
410 1 0.0 -1 -0.7364774443012465 -1 -0.4247814289015057
411 1 0.0 -1 -0.7364774443012465 -1 -0.4247814289015057
412 1 0.0 -1 -0.7364774443012465 -1 -0.4247814289015057
413 1 0.0 -1 -0.7364774443012465 -1 -0.4247814289015057
414 1 0.0 -1 -0.7364774443012465 -1 -0.4247814289015057
415 1 0.0 -1 -0.7364774443012465 -1 -0.4247814289015057
416 1 0.0 -1 -0.7364774443012465 -1 -0.4247814289015057
417 1 0.0 -1 -0.7364774443012465 -1 -0.4247814289015057
418 1 0.0 -1 -0.7364774443012465 -1 -0.4247814289015057
419 1 0.0 -1 -0.7364774443012465 -1 -0.4247814289015057
420 1 0.0 -1 -0.7364774443012465 -1 -0.4247814289015057
421 1 0.0 -1 -0.7364774443012465 -1 -0.4247814289015057
422 1 0.0 -1 -0.7364774443012465 -1 -0.4247814289015057
423 1 0.0 -1 -0.7364774443012465 -1 -0.4247814289015057
424 1 0.0 -1 -0.7364774443012465 -1 -0.4247814289015057
425 1 0.0 -1 -0.7364774443012465 -1 -0.4247814289015057
426 1 0.0 -1 -0.7364774443012465 -1 -0.4247814289015057
427 1 0.0 -1 -0.7364774443012465 -1 -0.4247814289015057
428 1 0.0 -1 -0.7364774443012465 -1 -0.4247814289015057
429 1 0.0 -1 -0.7364774443012465 -1 -0.4247814289015057
430 1 0.0 -1 -0.7364774443012465 -1 -0.4247814289015057
431 1 0.0 -1 -0.7364774443012465 -1 -0.4247814289015057
432 1 0.0 -1 -0.7364774443012465 -1 -0.4247814289015057
433 1 0.0 -1 -0.7364774443012465 -1 -0.4247814289015057
434 1 0.0 -1 -0.7364774443012465 -1 -0.4247814289015057
435 1 0.0 -1 -0.7364774443012465 -1 -0.4247814289015057
436 1 0.0 -1 -0.7364774443012465 -1 -0.4247814289015057
437 1 0.0 -1 -0.7364774443012465 -1 -0.4247814289015057
438 1 0.0 -1 -0.7364774443012465 -1 -0.4247814289015057
439 1 0.0 -1 -0.7364774443012465 -1 -0.4247814289015057
440 1 0.0 -1 -0.7364774443012465 -1 -0.4247814289015057
441 1 0.0 -1 -0.7364774443012465 -1 -0.4247814289015057
442 1 0.0 -1 -0.7364774443012465 -1 -0.4247814289015057
443 1 0.0 -1 -0.7364774443012465 -1 -0.4247814289015057
444 1 0.0 -1 -0.7364774443012465 -1 -0.4247814289015057
445 1 0.0 -1 -0.7364774443012465 -1 -0.4247814289015057
446 1 0.0 -1 -0.7364774443012465 -1 -0.4247814289015057
447 1 0.0 -1 -0.7364774443012465 -1 -0.4247814289015057
448 1 0.0 -1 -0.7364774443012465 -1 -0.4247814289015057
449 1 0.0 -1 -0.7364774443012465 -1 -0.4247814289015057
450 1 0.0 -1 -0.7364774443012465 -1 -0.4247814289015057
451 1 0.0 -1 -0.7364774443012465 -1 -0.4247814289015057
452 1 0.0 -1 -0.7364774443012465 -1 -0.4247814289015057
453 1 0.0 -1 -0.7364774443012465 -1 -0.4247814289015057
454 1 0.0 -1 -0.7364774443012465 -1 -0.4247814289015057
455 1 0.0 -1 -0.7364774443012465 -1 -0.4247814289015057
456 1 0.0 -1 -0.7364774443012465 -1 -0.4247814289015057
457 1 0.0 -1 -0.7364774443012465 -1 -0.4247814289015057
458 1 0.0 -1 -0.7364774443012465 -1 -0.4247814289015057
459 1 0.0 -1 -0.7364774443012465 -1 -0.4247814289015057
460 1 0.0 -1 -0.7364774443012465 -1 -0.4247814289015057
461 1 0.0 -1 -0.7364774443012465 -1 -0.4247814289015057
462 1 0.0 -1 -0.7364774443012465 -1 -0.4247814289015057
463 1 0.0 -1 -0.7364774443012465 -1 -0.4247814289015057
464 1 0.0 -1 -0.7364774443012465 -1 -0.4247814289015057
465 1 0.0 -1 -0.7364774443012465 -1 -0.4247814289015057
466 1 0.0 -1 -0.7364774443012465 -1 -0.4247814289015057
467 1 0.0 -1 -0.7364774443012465 -1 -0.4247814289015057
468 1 0.0 -1 -0.7364774443012465 -1 -0.4247814289015057
469 1 0.0 -1 -0.7364774443012465 -1 -0.4247814289015057
470 1 0.0 -1 -0.7364774443012465 -1 -0.4247814289015057
471 1 0.0 -1 -0.7364774443012465 -1 -0.4247814289015057
472 1 0.0 -1 -0.7364774443012465 -1 -0.4247814289015057
473 1 0.0 -1 -0.7364774443012465 -1 -0.4247814289015057
474 1 0.0 -1 -0.7364774443012465 -1 -0.4247814289015057
475 1 0.0 -1 -0.7364774443012465 -1 -0.4247814289015057
476 1 0.0 -1 -0.7364774443012465 -1 -0.4247814289015057
477 1 0.0 -1 -0.7364774443012465 -1 -0.4247814289015057
478 1 0.0 -1 -0.7364774443012465 -1 -0.4247814289015057
479 1 0.0 -1 -0.7364774443012465 -1 -0.4247814289015057
480 1 0.0 -1 -0.7364774443012465 -1 -0.4247814289015057
481 1 0.0 -1 -0.7364774443012465 -1 -0.4247814289015057
482 1 0.0 -1 -0.7364774443012465 -1 -0.4247814289015057
483 1 0.0 -1 -0.7364774443012465 -1 -0.4247814289015057
484 1 0.0 -1 -0.7364774443012465 -1 -0.4247814289015057
485 1 0.0 -1 -0.7364774443012465 -1 -0.4247814289015057
486 1 0.0 -1 -0.7364774443012465 -1 -0.4247814289015057
487 1 0.0 -1 -0.7364774443012465 -1 -0.4247814289015057
488 1 0.0 -1 -0.7364774443012465 -1 -0.4247814289015057
489 1 0.0 -1 -0.7364774443012465 -1 -0.4247814289015057
490 1 0.0 -1 -0.7364774443012465 -1 -0.4247814289015057
491 1 0.0 -1 -0.7364774443012465 -1 -0.4247814289015057
492 1 0.0 -1 -0.7364774443012465 -1 -0.4247814289015057
493 1 0.0 -1 -0.7364774443012465 -1 -0.4247814289015057
494 1 0.0 -1 -0.7364774443012465 -1 -0.4247814289015057
495 1 0.0 -1 -0.7364774443012465 -1 -0.4247814289015057
496 1 0.0 -1 -0.7364774443012465 -1 -0.4247814289015057
497 1 0.0 -1 -0.7364774443012465 -1 -0.4247814289015057
498 1 0.0 -1 -0.7364774443012465 -1 -0.4247814289015057
499 1 0.0 -1 -0.7364774443012465 -1 -0.4247814289015057
500 1 0.0 -1 -0.7364774443012465 -1 -0.4247814289015057
501 1 0.0 -1 -0.7364774443012465 -1 -0.4247814289015057
502 1 0.0 -1 -0.7364774443012465 -1 -0.4247814289015057
503 1 0.0 -1 -0.7364774443012465 -1 -0.4247814289015057
504 1 0.0 -1 -0.7364774443012465 -1 -0.4247814289015057
505 1 0.0 -1 -0.7364774443012465 -1 -0.4247814289015057
506 1 0.0 -1 -0.7364774443012465 -1 -0.4247814289015057
507 1 0.0 -1 -0.7364774443012465 -1 -0.4247814289015057
508 1 0.0 -1 -0.7364774443012465 -1 -0.4247814289015057
509 1 0.0 -1 -0.7364774443012465 -1 -0.4247814289015057
510 1 0.0 -1 -0.7364774443012465 -1 -0.4247814289015057
511 1 0.0 -1 -0.7364774443012465 -1 -0.4247814289015057
512 1 0.0 -1 -0.7364774443012465 -1 -0.4247814289015057
513 1 0.0 -1 -0.7364774443012465 -1 -0.4247814289015057
514 1 0.0 -1 -0.7364774443012465 -1 -0.4247814289015057
515 1 0.0 -1 -0.7364774443012465 -1 -0.4247814289015057
516 1 0.0 -1 -0.7364774443012465 -1 -0.4247814289015057
517 1 0.0 -1 -0.7364774443012465 -1 -0.4247814289015057
518 1 0.0 -1 -0.7364774443012465 -1 -0.4247814289015057
519 1 0.0 -1 -0.7364774443012465 -1 -0.4247814289015057
520 1 0.0 -1 -0.7364774443012465 -1 -0.4247814289015057
521 1 0.0 -1 -0.7364774443012465 -1 -0.4247814289015057
522 1 0.0 -1 -0.7364774443012465 -1 -0.4247814289015057
523 1 0.0 -1 -0.7364774443012465 -1 -0.4247814289015057
524 1 0.0 -1 -0.7364774443012465 -1 -0.4247814289015057
525 1 0.0 -1 -0.7364774443012465 -1 -0.4247814289015057
526 1 0.0 -1 -0.7364774443012465 -1 -0.4247814289015057
527 1 0.0 -1 -0.7364774443012465 -1 -0.4247814289015057
528 1 0.0 -1 -0.7364774443012465 -1 -0.4247814289015057
529 1 0.0 -1 -0.7364774443012465 -1 -0.4247814289015057
530 1 0.0 -1 -0.7364774443012465 -1 -0.4247814289015057
531 1 0.0 -1 -0.7364774443012465 -1 -0.4247814289015057
532 1 0.0 -1 -0.7364774443012465 -1 -0.4247814289015057
533 1 0.0 -1 -0.7364774443012465 -1 -0.4247814289015057
534 1 0.0 -1 -0.7364774443012465 -1 -0.4247814289015057
535 1 0.0 -1 -0.7364774443012465 -1 -0.4247814289015057
536 1 0.0 -1 -0.7364774443012465 -1 -0.4247814289015057
537 1 0.0 -1 -0.7364774443012465 -1 -0.4247814289015057
538 1 0.0 -1 -0.7364774443012465 -1 -0.4247814289015057
539 1 0.0 -1 -0.7364774443012465 -1 -0.4247814289015057
540 1 0.0 -1 -0.7364774443012465 -1 -0.4247814289015057
541 1 0.0 -1 -0.7364774443012465 -1 -0.4247814289015057
542 1 0.0 -1 -0.7364774443012465 -1 -0.4247814289015057
543 1 0.0 -1 -0.7364774443012465 -1 -0.4247814289015057
544 1 0.0 -1 -0.7364774443012465 -1 -0.4247814289015057
545 1 0.0 -1 -0.7364774443012465 -1 -0.4247814289015057
546 1 0.0 -1 -0.7364774443012465 -1 -0.4247814289015057
547 1 0.0 -1 -0.7364774443012465 -1 -0.4247814289015057
548 1 0.0 -1 -0.7364774443012465 -1 -0.4247814289015057
549 1 0.0 -1 -0.7364774443012465 -1 -0.4247814289015057
550 1 0.0 -1 -0.7364774443012465 -1 -0.4247814289015057
551 1 0.0 -1 -0.7364774443012465 -1 -0.4247814289015057
552 1 0.0 -1 -0.7364774443012465 -1 -0.4247814289015057
553 1 0.0 -1 -0.7364774443012465 -1 -0.4247814289015057
554 1 0.0 -1 -0.7364774443012465 -1 -0.4247814289015057
555 1 0.0 -1 -0.7364774443012465 -1 -0.4247814289015057
556 1 0.0 -1 -0.7364774443012465 -1 -0.4247814289015057
557 1 0.0 -1 -0.7364774443012465 -1 -0.4247814289015057
558 1 0.0 -1 -0.7364774443012465 -1 -0.4247814289015057
559 1 0.0 -1 -0.7364774443012465 -1 -0.4247814289015057
560 1 0.0 -1 -0.7364774443012465 -1 -0.4247814289015057
561 1 0.0 -1 -0.7364774443012465 -1 -0.4247814289015057
562 1 0.0 -1 -0.7364774443012465 -1 -0.4247814289015057
563 1 0.0 -1 -0.7364774443012465 -1 -0.4247814289015057
564 1 0.0 -1 -0.7364774443012465 -1 -0.4247814289015057
565 1 0.0 -1 -0.7364774443012465 -1 -0.4247814289015057
566 1 0.0 -1 -0.7364774443012465 -1 -0.4247814289015057
567 1 0.0 -1 -0.7364774443012465 -1 -0.4247814289015057
568 1 0.0 -1 -0.7364774443012465 -1 -0.4247814289015057
569 1 0.0 -1 -0.7364774443012465 -1 -0.4247814289015057
570 1 0.0 -1 -0.7364774443012465 -1 -0.4247814289015057
571 1 0.0 -1 -0.7364774443012465 -1 -0.4247814289015057
572 1 0.0 -1 -0.7364774443012465 -1 -0.4247814289015057
573 1 0.0 -1 -0.7364774443012465 -1 -0.4247814289015057
574 1 0.0 -1 -0.7364774443012465 -1 -0.4247814289015057
575 1 0.0 -1 -0.7364774443012465 -1 -0.4247814289015057
576 1 0.0 -1 -0.7364774443012465 -1 -0.4247814289015057
577 1 0.0 -1 -0.7364774443012465 -1 -0.4247814289015057
578 1 0.0 -1 -0.7364774443012465 -1 -0.4247814289015057
579 1 0.0 -1 -0.7364774443012465 -1 -0.4247814289015057
580 1 0.0 -1 -0.7364774443012465 -1 -0.4247814289015057
581 1 0.0 -1 -0.7364774443012465 -1 -0.4247814289015057
582 1 0.0 -1 -0.7364774443012465 -1 -0.4247814289015057
583 1 0.0 -1 -0.7364774443012465 -1 -0.4247814289015057
584 1 0.0 -1 -0.7364774443012465 -1 -0.4247814289015057
585 1 0.0 -1 -0.7364774443012465 -1 -0.4247814289015057
586 1 0.0 -1 -0.7364774443012465 -1 -0.4247814289015057
587 1 0.0 -1 -0.7364774443012465 -1 -0.4247814289015057
588 1 0.0 -1 -0.7364774443012465 -1 -0.4247814289015057
589 1 0.0 -1 -0.7364774443012465 -1 -0.4247814289015057
590 1 0.0 -1 -0.7364774443012465 -1 -0.4247814289015057
591 1 0.0 -1 -0.7364774443012465 -1 -0.4247814289015057
592 1 0.0 -1 -0.7364774443012465 -1 -0.4247814289015057
593 1 0.0 -1 -0.7364774443012465 -1 -0.4247814289015057
594 1 0.0 -1 -0.7364774443012465 -1 -0.4247814289015057
595 1 0.0 -1 -0.7364774443012465 -1 -0.4247814289015057
596 1 0.0 -1 -0.7364774443012465 -1 -0.4247814289015057
597 1 0.0 -1 -0.7364774443012465 -1 -0.4247814289015057
598 1 0.0 -1 -0.7364774443012465 -1 -0.4247814289015057
599 1 0.0 -1 -0.7364774443012465 -1 -0.4247814289015057
600 1 0.0 -1 -0.7364774443012465 -1 -0.4247814289015057
601 1 0.0 -1 -0.7364774443012465 -1 -0.4247814289015057
602 1 0.0 -1 -0.7364774443012465 -1 -0.4247814289015057
603 1 0.0 -1 -0.7364774443012465 -1 -0.4247814289015057
604 1 0.0 -1 -0.7364774443012465 -1 -0.4247814289015057
605 1 0.0 -1 -0.7364774443012465 -1 -0.4247814289015057
606 1 0.0 -1 -0.7364774443012465 -1 -0.4247814289015057
607 1 0.0 -1 -0.7364774443012465 -1 -0.4247814289015057
608 1 0.0 -1 -0.7364774443012465 -1 -0.4247814289015057
609 1 0.0 -1 -0.7364774443012465 -1 -0.4247814289015057
610 1 0.0 -1 -0.7364774443012465 -1 -0.4247814289015057
611 1 0.0 -1 -0.7364774443012465 -1 -0.4247814289015057
612 1 0.0 -1 -0.7364774443012465 -1 -0.4247814289015057
613 1 0.0 -1 -0.7364774443012465 -1 -0.4247814289015057
614 1 0.0 -1 -0.7364774443012465 -1 -0.4247814289015057
615 1 0.0 -1 -0.7364774443012465 -1 -0.4247814289015057
616 1 0.0 -1 -0.7364774443012465 -1 -0.4247814289015057
617 1 0.0 -1 -0.7364774443012465 -1 -0.4247814289015057
618 1 0.0 -1 -0.7364774443012465 -1 -0.4247814289015057
619 1 0.0 -1 -0.7364774443012465 -1 -0.4247814289015057
620 1 0.0 -1 -0.7364774443012465 -1 -0.4247814289015057
621 1 0.0 -1 -0.7364774443012465 -1 -0.4247814289015057
622 1 0.0 -1 -0.7364774443012465 -1 -0.4247814289015057
623 1 0.0 -1 -0.7364774443012465 -1 -0.4247814289015057
624 1 0.0 -1 -0.7364774443012465 -1 -0.4247814289015057
625 1 0.0 -1 -0.7364774443012465 -1 -0.4247814289015057
626 1 0.0 -1 -0.7364774443012465 -1 -0.4247814289015057
627 1 0.0 -1 -0.7364774443012465 -1 -0.4247814289015057
628 1 0.0 -1 -0.7364774443012465 -1 -0.4247814289015057
629 1 0.0 -1 -0.7364774443012465 -1 -0.4247814289015057
630 1 0.0 -1 -0.7364774443012465 -1 -0.4247814289015057
631 1 0.0 -1 -0.7364774443012465 -1 -0.4247814289015057
632 1 0.0 -1 -0.7364774443012465 -1 -0.4247814289015057
633 1 0.0 -1 -0.7364774443012465 -1 -0.4247814289015057
634 1 0.0 -1 -0.7364774443012465 -1 -0.4247814289015057
635 1 0.0 -1 -0.7364774443012465 -1 -0.4247814289015057
636 1 0.0 -1 -0.7364774443012465 -1 -0.4247814289015057
637 1 0.0 -1 -0.7364774443012465 -1 -0.4247814289015057
638 1 0.0 -1 -0.7364774443012465 -1 -0.4247814289015057
639 1 0.0 -1 -0.7364774443012465 -1 -0.4247814289015057
640 1 0.0 -1 -0.7364774443012465 -1 -0.4247814289015057
641 1 0.0 -1 -0.7364774443012465 -1 -0.4247814289015057
642 1 0.0 -1 -0.7364774443012465 -1 -0.4247814289015057
643 1 0.0 -1 -0.7364774443012465 -1 -0.4247814289015057
644 1 0.0 -1 -0.7364774443012465 -1 -0.4247814289015057
645 1 0.0 -1 -0.7364774443012465 -1 -0.4247814289015057
646 1 0.0 -1 -0.7364774443012465 -1 -0.4247814289015057
647 1 0.0 -1 -0.7364774443012465 -1 -0.4247814289015057
648 1 0.0 -1 -0.7364774443012465 -1 -0.4247814289015057
649 1 0.0 -1 -0.7364774443012465 -1 -0.4247814289015057
650 1 0.0 -1 -0.7364774443012465 -1 -0.4247814289015057
651 1 0.0 -1 -0.7364774443012465 -1 -0.4247814289015057
652 1 0.0 -1 -0.7364774443012465 -1 -0.4247814289015057
653 1 0.0 -1 -0.7364774443012465 -1 -0.4247814289015057
654 1 0.0 -1 -0.7364774443012465 -1 -0.4247814289015057
655 1 0.0 -1 -0.7364774443012465 -1 -0.4247814289015057
656 1 0.0 -1 -0.7364774443012465 -1 -0.4247814289015057
657 1 0.0 -1 -0.7364774443012465 -1 -0.4247814289015057
658 1 0.0 -1 -0.7364774443012465 -1 -0.4247814289015057
659 1 0.0 -1 -0.7364774443012465 -1 -0.4247814289015057
660 1 0.0 -1 -0.7364774443012465 -1 -0.4247814289015057
661 1 0.0 -1 -0.7364774443012465 -1 -0.4247814289015057
662 1 0.0 -1 -0.7364774443012465 -1 -0.4247814289015057
663 1 0.0 -1 -0.7364774443012465 -1 -0.4247814289015057
664 1 0.0 -1 -0.7364774443012465 -1 -0.4247814289015057
665 1 0.0 -1 -0.7364774443012465 -1 -0.4247814289015057
666 1 0.0 -1 -0.7364774443012465 -1 -0.4247814289015057
667 1 0.0 -1 -0.7364774443012465 -1 -0.4247814289015057
668 1 0.0 -1 -0.7364774443012465 -1 -0.4247814289015057
669 1 0.0 -1 -0.7364774443012465 -1 -0.4247814289015057
670 1 0.0 -1 -0.7364774443012465 -1 -0.4247814289015057
671 1 0.0 -1 -0.7364774443012465 -1 -0.4247814289015057
672 1 0.0 -1 -0.7364774443012465 -1 -0.4247814289015057
673 1 0.0 -1 -0.7364774443012465 -1 -0.4247814289015057
674 1 0.0 -1 -0.7364774443012465 -1 -0.4247814289015057
675 1 0.0 -1 -0.7364774443012465 -1 -0.4247814289015057
676 1 0.0 -1 -0.7364774443012465 -1 -0.4247814289015057
677 1 0.0 -1 -0.7364774443012465 -1 -0.4247814289015057
678 1 0.0 -1 -0.7364774443012465 -1 -0.4247814289015057
679 1 0.0 -1 -0.7364774443012465 -1 -0.4247814289015057
680 1 0.0 -1 -0.7364774443012465 -1 -0.4247814289015057
681 1 0.0 -1 -0.7364774443012465 -1 -0.4247814289015057
682 1 0.0 -1 -0.7364774443012465 -1 -0.4247814289015057
683 1 0.0 -1 -0.7364774443012465 -1 -0.4247814289015057
684 1 0.0 -1 -0.7364774443012465 -1 -0.4247814289015057
685 1 0.0 -1 -0.7364774443012465 -1 -0.4247814289015057
686 1 0.0 -1 -0.7364774443012465 -1 -0.4247814289015057
687 1 0.0 -1 -0.7364774443012465 -1 -0.4247814289015057
688 1 0.0 -1 -0.7364774443012465 -1 -0.4247814289015057
689 1 0.0 -1 -0.7364774443012465 -1 -0.4247814289015057
690 1 0.0 -1 -0.7364774443012465 -1 -0.4247814289015057
691 1 0.0 -1 -0.7364774443012465 -1 -0.4247814289015057
692 1 0.0 -1 -0.7364774443012465 -1 -0.4247814289015057
693 1 0.0 -1 -0.7364774443012465 -1 -0.4247814289015057
694 1 0.0 -1 -0.7364774443012465 -1 -0.4247814289015057
695 1 0.0 -1 -0.7364774443012465 -1 -0.4247814289015057
696 1 0.0 -1 -0.7364774443012465 -1 -0.4247814289015057
697 1 0.0 -1 -0.7364774443012465 -1 -0.4247814289015057
698 1 0.0 -1 -0.7364774443012465 -1 -0.4247814289015057
699 1 0.0 -1 -0.7364774443012465 -1 -0.4247814289015057
700 1 0.0 -1 -0.7364774443012465 -1 -0.4247814289015057
701 1 0.0 -1 -0.7364774443012465 -1 -0.4247814289015057
702 1 0.0 -1 -0.7364774443012465 -1 -0.4247814289015057
703 1 0.0 -1 -0.7364774443012465 -1 -0.4247814289015057
704 1 0.0 -1 -0.7364774443012465 -1 -0.4247814289015057
705 1 0.0 -1 -0.7364774443012465 -1 -0.4247814289015057
706 1 0.0 -1 -0.7364774443012465 -1 -0.4247814289015057
707 1 0.0 -1 -0.7364774443012465 -1 -0.4247814289015057
708 1 0.0 -1 -0.7364774443012465 -1 -0.4247814289015057
709 1 0.0 -1 -0.7364774443012465 -1 -0.4247814289015057
710 1 0.0 -1 -0.7364774443012465 -1 -0.4247814289015057
711 1 0.0 -1 -0.7364774443012465 -1 -0.4247814289015057
712 1 0.0 -1 -0.7364774443012465 -1 -0.4247814289015057
713 1 0.0 -1 -0.7364774443012465 -1 -0.4247814289015057
714 1 0.0 -1 -0.7364774443012465 -1 -0.4247814289015057
715 1 0.0 -1 -0.7364774443012465 -1 -0.4247814289015057
716 1 0.0 -1 -0.7364774443012465 -1 -0.4247814289015057
717 1 0.0 -1 -0.7364774443012465 -1 -0.4247814289015057
718 1 0.0 -1 -0.7364774443012465 -1 -0.4247814289015057
719 1 0.0 -1 -0.7364774443012465 -1 -0.4247814289015057
720 1 0.0 -1 -0.7364774443012465 -1 -0.4247814289015057
721 1 0.0 -1 -0.7364774443012465 -1 -0.4247814289015057
722 1 0.0 -1 -0.7364774443012465 -1 -0.4247814289015057
723 1 0.0 -1 -0.7364774443012465 -1 -0.4247814289015057
724 1 0.0 -1 -0.7364774443012465 -1 -0.4247814289015057
725 1 0.0 -1 -0.7364774443012465 -1 -0.4247814289015057
726 1 0.0 -1 -0.7364774443012465 -1 -0.4247814289015057
727 1 0.0 -1 -0.7364774443012465 -1 -0.4247814289015057
728 1 0.0 -1 -0.7364774443012465 -1 -0.4247814289015057
729 1 0.0 -1 -0.7364774443012465 -1 -0.4247814289015057
730 1 0.0 -1 -0.7364774443012465 -1 -0.4247814289015057
731 1 0.0 -1 -0.7364774443012465 -1 -0.4247814289015057
732 1 0.0 -1 -0.7364774443012465 -1 -0.4247814289015057
733 1 0.0 -1 -0.7364774443012465 -1 -0.4247814289015057
734 1 0.0 -1 -0.7364774443012465 -1 -0.4247814289015057
735 1 0.0 -1 -0.7364774443012465 -1 -0.4247814289015057
736 1 0.0 -1 -0.7364774443012465 -1 -0.4247814289015057
737 1 0.0 -1 -0.7364774443012465 -1 -0.4247814289015057
738 1 0.0 -1 -0.7364774443012465 -1 -0.4247814289015057
739 1 0.0 -1 -0.7364774443012465 -1 -0.4247814289015057
740 1 0.0 -1 -0.7364774443012465 -1 -0.4247814289015057
741 1 0.0 -1 -0.7364774443012465 -1 -0.4247814289015057
742 1 0.0 -1 -0.7364774443012465 -1 -0.4247814289015057
743 1 0.0 -1 -0.7364774443012465 -1 -0.4247814289015057
744 1 0.0 -1 -0.7364774443012465 -1 -0.4247814289015057
745 1 0.0 -1 -0.7364774443012465 -1 -0.4247814289015057
746 1 0.0 -1 -0.7364774443012465 -1 -0.4247814289015057
747 1 0.0 -1 -0.7364774443012465 -1 -0.4247814289015057
748 1 0.0 -1 -0.7364774443012465 -1 -0.4247814289015057
749 1 0.0 -1 -0.7364774443012465 -1 -0.4247814289015057
750 1 0.0 -1 -0.7364774443012465 -1 -0.4247814289015057
751 1 0.0 -1 -0.7364774443012465 -1 -0.4247814289015057
752 1 0.0 -1 -0.7364774443012465 -1 -0.4247814289015057
753 1 0.0 -1 -0.7364774443012465 -1 -0.4247814289015057
754 1 0.0 -1 -0.7364774443012465 -1 -0.4247814289015057
755 1 0.0 -1 -0.7364774443012465 -1 -0.4247814289015057
756 1 0.0 -1 -0.7364774443012465 -1 -0.4247814289015057
757 1 0.0 -1 -0.7364774443012465 -1 -0.4247814289015057
758 1 0.0 -1 -0.7364774443012465 -1 -0.4247814289015057
759 1 0.0 -1 -0.7364774443012465 -1 -0.4247814289015057
760 1 0.0 -1 -0.7364774443012465 -1 -0.4247814289015057
761 1 0.0 -1 -0.7364774443012465 -1 -0.4247814289015057
762 1 0.0 -1 -0.7364774443012465 -1 -0.4247814289015057
763 1 0.0 -1 -0.7364774443012465 -1 -0.4247814289015057
764 1 0.0 -1 -0.7364774443012465 -1 -0.4247814289015057
765 1 0.0 -1 -0.7364774443012465 -1 -0.4247814289015057
766 1 0.0 -1 -0.7364774443012465 -1 -0.4247814289015057
767 1 0.0 -1 -0.7364774443012465 -1 -0.4247814289015057
768 1 0.0 -1 -0.7364774443012465 -1 -0.4247814289015057
769 1 0.0 -1 -0.7364774443012465 -1 -0.4247814289015057
770 1 0.0 -1 -0.7364774443012465 -1 -0.4247814289015057
771 1 0.0 -1 -0.7364774443012465 -1 -0.4247814289015057
772 1 0.0 -1 -0.7364774443012465 -1 -0.4247814289015057
773 1 0.0 -1 -0.7364774443012465 -1 -0.4247814289015057
774 1 0.0 -1 -0.7364774443012465 -1 -0.4247814289015057
775 1 0.0 -1 -0.7364774443012465 -1 -0.4247814289015057
776 1 0.0 -1 -0.7364774443012465 -1 -0.4247814289015057
777 1 0.0 -1 -0.7364774443012465 -1 -0.4247814289015057
778 1 0.0 -1 -0.7364774443012465 -1 -0.4247814289015057
779 1 0.0 -1 -0.7364774443012465 -1 -0.4247814289015057
780 1 0.0 -1 -0.7364774443012465 -1 -0.4247814289015057
781 1 0.0 -1 -0.7364774443012465 -1 -0.4247814289015057
782 1 0.0 -1 -0.7364774443012465 -1 -0.4247814289015057
783 1 0.0 -1 -0.7364774443012465 -1 -0.4247814289015057
784 1 0.0 -1 -0.7364774443012465 -1 -0.4247814289015057
785 1 0.0 -1 -0.7364774443012465 -1 -0.4247814289015057
786 1 0.0 -1 -0.7364774443012465 -1 -0.4247814289015057
787 1 0.0 -1 -0.7364774443012465 -1 -0.4247814289015057
788 1 0.0 -1 -0.7364774443012465 -1 -0.4247814289015057
789 1 0.0 -1 -0.7364774443012465 -1 -0.4247814289015057
790 1 0.0 -1 -0.7364774443012465 -1 -0.4247814289015057
791 1 0.0 -1 -0.7364774443012465 -1 -0.4247814289015057
792 1 0.0 -1 -0.7364774443012465 -1 -0.4247814289015057
793 1 0.0 -1 -0.7364774443012465 -1 -0.4247814289015057
794 1 0.0 -1 -0.7364774443012465 -1 -0.4247814289015057
795 1 0.0 -1 -0.7364774443012465 -1 -0.4247814289015057
796 1 0.0 -1 -0.7364774443012465 -1 -0.4247814289015057
797 1 0.0 -1 -0.7364774443012465 -1 -0.4247814289015057
798 1 0.0 -1 -0.7364774443012465 -1 -0.4247814289015057
799 1 0.0 -1 -0.7364774443012465 -1 -0.4247814289015057
800 1 0.0 -1 -0.7364774443012465 -1 -0.4247814289015057
801 1 0.0 -1 -0.7364774443012465 -1 -0.4247814289015057
802 1 0.0 -1 -0.7364774443012465 -1 -0.4247814289015057
803 1 0.0 -1 -0.7364774443012465 -1 -0.4247814289015057
804 1 0.0 -1 -0.7364774443012465 -1 -0.4247814289015057
805 1 0.0 -1 -0.7364774443012465 -1 -0.4247814289015057
806 1 0.0 -1 -0.7364774443012465 -1 -0.4247814289015057
807 1 0.0 -1 -0.7364774443012465 -1 -0.4247814289015057
808 1 0.0 -1 -0.7364774443012465 -1 -0.4247814289015057
809 1 0.0 -1 -0.7364774443012465 -1 -0.4247814289015057
810 1 0.0 -1 -0.7364774443012465 -1 -0.4247814289015057
811 1 0.0 -1 -0.7364774443012465 -1 -0.4247814289015057
812 1 0.0 -1 -0.7364774443012465 -1 -0.4247814289015057
813 1 0.0 -1 -0.7364774443012465 -1 -0.4247814289015057
814 1 0.0 -1 -0.7364774443012465 -1 -0.4247814289015057
815 1 0.0 -1 -0.7364774443012465 -1 -0.4247814289015057
816 1 0.0 -1 -0.7364774443012465 -1 -0.4247814289015057
817 1 0.0 -1 -0.7364774443012465 -1 -0.4247814289015057
818 1 0.0 -1 -0.7364774443012465 -1 -0.4247814289015057
819 1 0.0 -1 -0.7364774443012465 -1 -0.4247814289015057
820 1 0.0 -1 -0.7364774443012465 -1 -0.4247814289015057
821 1 0.0 -1 -0.7364774443012465 -1 -0.4247814289015057
822 1 0.0 -1 -0.7364774443012465 -1 -0.4247814289015057
823 1 0.0 -1 -0.7364774443012465 -1 -0.4247814289015057
824 1 0.0 -1 -0.7364774443012465 -1 -0.4247814289015057
825 1 0.0 -1 -0.7364774443012465 -1 -0.4247814289015057
826 1 0.0 -1 -0.7364774443012465 -1 -0.4247814289015057
827 1 0.0 -1 -0.7364774443012465 -1 -0.4247814289015057
828 1 0.0 -1 -0.7364774443012465 -1 -0.4247814289015057
829 1 0.0 -1 -0.7364774443012465 -1 -0.4247814289015057
830 1 0.0 -1 -0.7364774443012465 -1 -0.4247814289015057
831 1 0.0 -1 -0.7364774443012465 -1 -0.4247814289015057
832 1 0.0 -1 -0.7364774443012465 -1 -0.4247814289015057
833 1 0.0 -1 -0.7364774443012465 -1 -0.4247814289015057
834 1 0.0 -1 -0.7364774443012465 -1 -0.4247814289015057
835 1 0.0 -1 -0.7364774443012465 -1 -0.4247814289015057
836 1 0.0 -1 -0.7364774443012465 -1 -0.4247814289015057
837 1 0.0 -1 -0.7364774443012465 -1 -0.4247814289015057
838 1 0.0 -1 -0.7364774443012465 -1 -0.4247814289015057
839 1 0.0 -1 -0.7364774443012465 -1 -0.4247814289015057
840 1 0.0 -1 -0.7364774443012465 -1 -0.4247814289015057
841 1 0.0 -1 -0.7364774443012465 -1 -0.4247814289015057
842 1 0.0 -1 -0.7364774443012465 -1 -0.4247814289015057
843 1 0.0 -1 -0.7364774443012465 -1 -0.4247814289015057
844 1 0.0 -1 -0.7364774443012465 -1 -0.4247814289015057
845 1 0.0 -1 -0.7364774443012465 -1 -0.4247814289015057
846 1 0.0 -1 -0.7364774443012465 -1 -0.4247814289015057
847 1 0.0 -1 -0.7364774443012465 -1 -0.4247814289015057
848 1 0.0 -1 -0.7364774443012465 -1 -0.4247814289015057
849 1 0.0 -1 -0.7364774443012465 -1 -0.4247814289015057
850 1 0.0 -1 -0.7364774443012465 -1 -0.4247814289015057
851 1 0.0 -1 -0.7364774443012465 -1 -0.4247814289015057
852 1 0.0 -1 -0.7364774443012465 -1 -0.4247814289015057
853 1 0.0 -1 -0.7364774443012465 -1 -0.4247814289015057
854 1 0.0 -1 -0.7364774443012465 -1 -0.4247814289015057
855 1 0.0 -1 -0.7364774443012465 -1 -0.4247814289015057
856 1 0.0 -1 -0.7364774443012465 -1 -0.4247814289015057
857 1 0.0 -1 -0.7364774443012465 -1 -0.4247814289015057
858 1 0.0 -1 -0.7364774443012465 -1 -0.4247814289015057
859 1 0.0 -1 -0.7364774443012465 -1 -0.4247814289015057
860 1 0.0 -1 -0.7364774443012465 -1 -0.4247814289015057
861 1 0.0 -1 -0.7364774443012465 -1 -0.4247814289015057
862 1 0.0 -1 -0.7364774443012465 -1 -0.4247814289015057
863 1 0.0 -1 -0.7364774443012465 -1 -0.4247814289015057
864 1 0.0 -1 -0.7364774443012465 -1 -0.4247814289015057
865 1 0.0 -1 -0.7364774443012465 -1 -0.4247814289015057
866 1 0.0 -1 -0.7364774443012465 -1 -0.4247814289015057
867 1 0.0 -1 -0.7364774443012465 -1 -0.4247814289015057
868 1 0.0 -1 -0.7364774443012465 -1 -0.4247814289015057
869 1 0.0 -1 -0.7364774443012465 -1 -0.4247814289015057
870 1 0.0 -1 -0.7364774443012465 -1 -0.4247814289015057
871 1 0.0 -1 -0.7364774443012465 -1 -0.4247814289015057
872 1 0.0 -1 -0.7364774443012465 -1 -0.4247814289015057
873 1 0.0 -1 -0.7364774443012465 -1 -0.4247814289015057
874 1 0.0 -1 -0.7364774443012465 -1 -0.4247814289015057
875 1 0.0 -1 -0.7364774443012465 -1 -0.4247814289015057
876 1 0.0 -1 -0.7364774443012465 -1 -0.4247814289015057
877 1 0.0 -1 -0.7364774443012465 -1 -0.4247814289015057
878 1 0.0 -1 -0.7364774443012465 -1 -0.4247814289015057
879 1 0.0 -1 -0.7364774443012465 -1 -0.4247814289015057
880 1 0.0 -1 -0.7364774443012465 -1 -0.4247814289015057
881 1 0.0 -1 -0.7364774443012465 -1 -0.4247814289015057
882 1 0.0 -1 -0.7364774443012465 -1 -0.4247814289015057
883 1 0.0 -1 -0.7364774443012465 -1 -0.4247814289015057
884 1 0.0 -1 -0.7364774443012465 -1 -0.4247814289015057
885 1 0.0 -1 -0.7364774443012465 -1 -0.4247814289015057
886 1 0.0 -1 -0.7364774443012465 -1 -0.4247814289015057
887 1 0.0 -1 -0.7364774443012465 -1 -0.4247814289015057
888 1 0.0 -1 -0.7364774443012465 -1 -0.4247814289015057
889 1 0.0 -1 -0.7364774443012465 -1 -0.4247814289015057
890 1 0.0 -1 -0.7364774443012465 -1 -0.4247814289015057
891 1 0.0 -1 -0.7364774443012465 -1 -0.4247814289015057
892 1 0.0 -1 -0.7364774443012465 -1 -0.4247814289015057
893 1 0.0 -1 -0.7364774443012465 -1 -0.4247814289015057
894 1 0.0 -1 -0.7364774443012465 -1 -0.4247814289015057
895 1 0.0 -1 -0.7364774443012465 -1 -0.4247814289015057
896 1 0.0 -1 -0.7364774443012465 -1 -0.4247814289015057
897 1 0.0 -1 -0.7364774443012465 -1 -0.4247814289015057
898 1 0.0 -1 -0.7364774443012465 -1 -0.4247814289015057
899 1 0.0 -1 -0.7364774443012465 -1 -0.4247814289015057
900 1 0.0 -1 -0.7364774443012465 -1 -0.4247814289015057
901 1 0.0 -1 -0.7364774443012465 -1 -0.4247814289015057
902 1 0.0 -1 -0.7364774443012465 -1 -0.4247814289015057
903 1 0.0 -1 -0.7364774443012465 -1 -0.4247814289015057
904 1 0.0 -1 -0.7364774443012465 -1 -0.4247814289015057
905 1 0.0 -1 -0.7364774443012465 -1 -0.4247814289015057
906 1 0.0 -1 -0.7364774443012465 -1 -0.4247814289015057
907 1 0.0 -1 -0.7364774443012465 -1 -0.4247814289015057
908 1 0.0 -1 -0.7364774443012465 -1 -0.4247814289015057
909 1 0.0 -1 -0.7364774443012465 -1 -0.4247814289015057
910 1 0.0 -1 -0.7364774443012465 -1 -0.4247814289015057
911 1 0.0 -1 -0.7364774443012465 -1 -0.4247814289015057
912 1 0.0 -1 -0.7364774443012465 -1 -0.4247814289015057
913 1 0.0 -1 -0.7364774443012465 -1 -0.4247814289015057
914 1 0.0 -1 -0.7364774443012465 -1 -0.4247814289015057
915 1 0.0 -1 -0.7364774443012465 -1 -0.4247814289015057
916 1 0.0 -1 -0.7364774443012465 -1 -0.4247814289015057
917 1 0.0 -1 -0.7364774443012465 -1 -0.4247814289015057
918 1 0.0 -1 -0.7364774443012465 -1 -0.4247814289015057
919 1 0.0 -1 -0.7364774443012465 -1 -0.4247814289015057
920 1 0.0 -1 -0.7364774443012465 -1 -0.4247814289015057
921 1 0.0 -1 -0.7364774443012465 -1 -0.4247814289015057
922 1 0.0 -1 -0.7364774443012465 -1 -0.4247814289015057
923 1 0.0 -1 -0.7364774443012465 -1 -0.4247814289015057
924 1 0.0 -1 -0.7364774443012465 -1 -0.4247814289015057
925 1 0.0 -1 -0.7364774443012465 -1 -0.4247814289015057
926 1 0.0 -1 -0.7364774443012465 -1 -0.4247814289015057
927 1 0.0 -1 -0.7364774443012465 -1 -0.4247814289015057
928 1 0.0 -1 -0.7364774443012465 -1 -0.4247814289015057
929 1 0.0 -1 -0.7364774443012465 -1 -0.4247814289015057
930 1 0.0 -1 -0.7364774443012465 -1 -0.4247814289015057
931 1 0.0 -1 -0.7364774443012465 -1 -0.4247814289015057
932 1 0.0 -1 -0.7364774443012465 -1 -0.4247814289015057
933 1 0.0 -1 -0.7364774443012465 -1 -0.4247814289015057
934 1 0.0 -1 -0.7364774443012465 -1 -0.4247814289015057
935 1 0.0 -1 -0.7364774443012465 -1 -0.4247814289015057
936 1 0.0 -1 -0.7364774443012465 -1 -0.4247814289015057
937 1 0.0 -1 -0.7364774443012465 -1 -0.4247814289015057
938 1 0.0 -1 -0.7364774443012465 -1 -0.4247814289015057
939 1 0.0 -1 -0.7364774443012465 -1 -0.4247814289015057
940 1 0.0 -1 -0.7364774443012465 -1 -0.4247814289015057
941 1 0.0 -1 -0.7364774443012465 -1 -0.4247814289015057
942 1 0.0 -1 -0.7364774443012465 -1 -0.4247814289015057
943 1 0.0 -1 -0.7364774443012465 -1 -0.4247814289015057
944 1 0.0 -1 -0.7364774443012465 -1 -0.4247814289015057
945 1 0.0 -1 -0.7364774443012465 -1 -0.4247814289015057
946 1 0.0 -1 -0.7364774443012465 -1 -0.4247814289015057
947 1 0.0 -1 -0.7364774443012465 -1 -0.4247814289015057
948 1 0.0 -1 -0.7364774443012465 -1 -0.4247814289015057
949 1 0.0 -1 -0.7364774443012465 -1 -0.4247814289015057
950 1 0.0 -1 -0.7364774443012465 -1 -0.4247814289015057
951 1 0.0 -1 -0.7364774443012465 -1 -0.4247814289015057
952 1 0.0 -1 -0.7364774443012465 -1 -0.4247814289015057
953 1 0.0 -1 -0.7364774443012465 -1 -0.4247814289015057
954 1 0.0 -1 -0.7364774443012465 -1 -0.4247814289015057
955 1 0.0 -1 -0.7364774443012465 -1 -0.4247814289015057
956 1 0.0 -1 -0.7364774443012465 -1 -0.4247814289015057
957 1 0.0 -1 -0.7364774443012465 -1 -0.4247814289015057
958 1 0.0 -1 -0.7364774443012465 -1 -0.4247814289015057
959 1 0.0 -1 -0.7364774443012465 -1 -0.4247814289015057
960 1 0.0 -1 -0.7364774443012465 -1 -0.4247814289015057
961 1 0.0 -1 -0.7364774443012465 -1 -0.4247814289015057
962 1 0.0 -1 -0.7364774443012465 -1 -0.4247814289015057
963 1 0.0 -1 -0.7364774443012465 -1 -0.4247814289015057
964 1 0.0 -1 -0.7364774443012465 -1 -0.4247814289015057
965 1 0.0 -1 -0.7364774443012465 -1 -0.4247814289015057
966 1 0.0 -1 -0.7364774443012465 -1 -0.4247814289015057
967 1 0.0 -1 -0.7364774443012465 -1 -0.4247814289015057
968 1 0.0 -1 -0.7364774443012465 -1 -0.4247814289015057
969 1 0.0 -1 -0.7364774443012465 -1 -0.4247814289015057
970 1 0.0 -1 -0.7364774443012465 -1 -0.4247814289015057
971 1 0.0 -1 -0.7364774443012465 -1 -0.4247814289015057
972 1 0.0 -1 -0.7364774443012465 -1 -0.4247814289015057
973 1 0.0 -1 -0.7364774443012465 -1 -0.4247814289015057
974 1 0.0 -1 -0.7364774443012465 -1 -0.4247814289015057
975 1 0.0 -1 -0.7364774443012465 -1 -0.4247814289015057
976 1 0.0 -1 -0.7364774443012465 -1 -0.4247814289015057
977 1 0.0 -1 -0.7364774443012465 -1 -0.4247814289015057
978 1 0.0 -1 -0.7364774443012465 -1 -0.4247814289015057
979 1 0.0 -1 -0.7364774443012465 -1 -0.4247814289015057
980 1 0.0 -1 -0.7364774443012465 -1 -0.4247814289015057
981 1 0.0 -1 -0.7364774443012465 -1 -0.4247814289015057
982 1 0.0 -1 -0.7364774443012465 -1 -0.4247814289015057
983 1 0.0 -1 -0.7364774443012465 -1 -0.4247814289015057
984 1 0.0 -1 -0.7364774443012465 -1 -0.4247814289015057
985 1 0.0 -1 -0.7364774443012465 -1 -0.4247814289015057
986 1 0.0 -1 -0.7364774443012465 -1 -0.4247814289015057
987 1 0.0 -1 -0.7364774443012465 -1 -0.4247814289015057
988 1 0.0 -1 -0.7364774443012465 -1 -0.4247814289015057
989 1 0.0 -1 -0.7364774443012465 -1 -0.4247814289015057
990 1 0.0 -1 -0.7364774443012465 -1 -0.4247814289015057
991 1 0.0 -1 -0.7364774443012465 -1 -0.4247814289015057
992 1 0.0 -1 -0.7364774443012465 -1 -0.4247814289015057
993 1 0.0 -1 -0.7364774443012465 -1 -0.4247814289015057
994 1 0.0 -1 -0.7364774443012465 -1 -0.4247814289015057
995 1 0.0 -1 -0.7364774443012465 -1 -0.4247814289015057
996 1 0.0 -1 -0.7364774443012465 -1 -0.4247814289015057
997 1 0.0 -1 -0.7364774443012465 -1 -0.4247814289015057
998 1 0.0 -1 -0.7364774443012465 -1 -0.4247814289015057
999 1 0.0 -1 -0.7364774443012465 -1 -0.4247814289015057
1000 1 0.0 -1 -0.7364774443012465 -1 -0.4247814289015057
1001 1 0.0 -1 -0.7364774443012465 -1 -0.4247814289015057
1002 1 0.0 -1 -0.7364774443012465 -1 -0.4247814289015057
1003 1 0.0 -1 -0.7364774443012465 -1 -0.4247814289015057
1004 1 0.0 -1 -0.7364774443012465 -1 -0.4247814289015057
1005 1 0.0 -1 -0.7364774443012465 -1 -0.4247814289015057
1006 1 0.0 -1 -0.7364774443012465 -1 -0.4247814289015057
1007 1 0.0 -1 -0.7364774443012465 -1 -0.4247814289015057
1008 1 0.0 -1 -0.7364774443012465 -1 -0.4247814289015057
1009 1 0.0 -1 -0.7364774443012465 -1 -0.4247814289015057
1010 1 0.0 -1 -0.7364774443012465 -1 -0.4247814289015057
1011 1 0.0 -1 -0.7364774443012465 -1 -0.4247814289015057
1012 1 0.0 -1 -0.7364774443012465 -1 -0.4247814289015057
1013 1 0.0 -1 -0.7364774443012465 -1 -0.4247814289015057
1014 1 0.0 -1 -0.7364774443012465 -1 -0.4247814289015057
1015 1 0.0 -1 -0.7364774443012465 -1 -0.4247814289015057
1016 1 0.0 -1 -0.7364774443012465 -1 -0.4247814289015057
1017 1 0.0 -1 -0.7364774443012465 -1 -0.4247814289015057
1018 1 0.0 -1 -0.7364774443012465 -1 -0.4247814289015057
1019 1 0.0 -1 -0.7364774443012465 -1 -0.4247814289015057
1020 1 0.0 -1 -0.7364774443012465 -1 -0.4247814289015057
1021 1 0.0 -1 -0.7364774443012465 -1 -0.4247814289015057
1022 1 0.0 -1 -0.7364774443012465 -1 -0.4247814289015057
1023 1 0.0 -1 -0.7364774443012465 -1 -0.4247814289015057
1024 1 0.0 -1 -0.7364774443012465 -1 -0.4247814289015057
1025 1 0.0 -1 -0.7364774443012465 -1 -0.4247814289015057
1026 1 0.0 -1 -0.7364774443012465 -1 -0.4247814289015057
1027 1 0.0 -1 -0.7364774443012465 -1 -0.4247814289015057
1028 1 0.0 -1 -0.7364774443012465 -1 -0.4247814289015057
1029 1 0.0 -1 -0.7364774443012465 -1 -0.4247814289015057
1030 1 0.0 -1 -0.7364774443012465 -1 -0.4247814289015057
1031 1 0.0 -1 -0.7364774443012465 -1 -0.4247814289015057
1032 1 0.0 -1 -0.7364774443012465 -1 -0.4247814289015057
1033 1 0.0 -1 -0.7364774443012465 -1 -0.4247814289015057
1034 1 0.0 -1 -0.7364774443012465 -1 -0.4247814289015057
1035 1 0.0 -1 -0.7364774443012465 -1 -0.4247814289015057
1036 1 0.0 -1 -0.7364774443012465 -1 -0.4247814289015057
1037 1 0.0 -1 -0.7364774443012465 -1 -0.4247814289015057
1038 1 0.0 -1 -0.7364774443012465 -1 -0.4247814289015057
1039 1 0.0 -1 -0.7364774443012465 -1 -0.4247814289015057
1040 1 0.0 -1 -0.7364774443012465 -1 -0.4247814289015057
1041 1 0.0 -1 -0.7364774443012465 -1 -0.4247814289015057
1042 1 0.0 -1 -0.7364774443012465 -1 -0.4247814289015057
1043 1 0.0 -1 -0.7364774443012465 -1 -0.4247814289015057
1044 1 0.0 -1 -0.7364774443012465 -1 -0.4247814289015057
1045 1 0.0 -1 -0.7364774443012465 -1 -0.4247814289015057
1046 1 0.0 -1 -0.7364774443012465 -1 -0.4247814289015057
1047 1 0.0 -1 -0.7364774443012465 -1 -0.4247814289015057
1048 1 0.0 -1 -0.7364774443012465 -1 -0.4247814289015057
1049 1 0.0 -1 -0.7364774443012465 -1 -0.4247814289015057
1050 1 0.0 -1 -0.7364774443012465 -1 -0.4247814289015057
1051 1 0.0 -1 -0.7364774443012465 -1 -0.4247814289015057
1052 1 0.0 -1 -0.7364774443012465 -1 -0.4247814289015057
1053 1 0.0 -1 -0.7364774443012465 -1 -0.4247814289015057
1054 1 0.0 -1 -0.7364774443012465 -1 -0.4247814289015057
1055 1 0.0 -1 -0.7364774443012465 -1 -0.4247814289015057
1056 1 0.0 -1 -0.7364774443012465 -1 -0.4247814289015057
1057 1 0.0 -1 -0.7364774443012465 -1 -0.4247814289015057
1058 1 0.0 -1 -0.7364774443012465 -1 -0.4247814289015057
1059 1 0.0 -1 -0.7364774443012465 -1 -0.4247814289015057
1060 1 0.0 -1 -0.7364774443012465 -1 -0.4247814289015057
1061 1 0.0 -1 -0.7364774443012465 -1 -0.4247814289015057
1062 1 0.0 -1 -0.7364774443012465 -1 -0.4247814289015057
1063 1 0.0 -1 -0.7364774443012465 -1 -0.4247814289015057
1064 1 0.0 -1 -0.7364774443012465 -1 -0.4247814289015057
1065 1 0.0 -1 -0.7364774443012465 -1 -0.4247814289015057
1066 1 0.0 -1 -0.7364774443012465 -1 -0.4247814289015057
1067 1 0.0 -1 -0.7364774443012465 -1 -0.4247814289015057
1068 1 0.0 -1 -0.7364774443012465 -1 -0.4247814289015057
1069 1 0.0 -1 -0.7364774443012465 -1 -0.4247814289015057
1070 1 0.0 -1 -0.7364774443012465 -1 -0.4247814289015057
1071 1 0.0 -1 -0.7364774443012465 -1 -0.4247814289015057
1072 1 0.0 -1 -0.7364774443012465 -1 -0.4247814289015057
1073 1 0.0 -1 -0.7364774443012465 -1 -0.4247814289015057
1074 1 0.0 -1 -0.7364774443012465 -1 -0.4247814289015057
1075 1 0.0 -1 -0.7364774443012465 -1 -0.4247814289015057
1076 1 0.0 -1 -0.7364774443012465 -1 -0.4247814289015057
1077 1 0.0 -1 -0.7364774443012465 -1 -0.4247814289015057
1078 1 0.0 -1 -0.7364774443012465 -1 -0.4247814289015057
1079 1 0.0 -1 -0.7364774443012465 -1 -0.4247814289015057
1080 1 0.0 -1 -0.7364774443012465 -1 -0.4247814289015057
1081 1 0.0 -1 -0.7364774443012465 -1 -0.4247814289015057
1082 1 0.0 -1 -0.7364774443012465 -1 -0.4247814289015057
1083 1 0.0 -1 -0.7364774443012465 -1 -0.4247814289015057
1084 1 0.0 -1 -0.7364774443012465 -1 -0.4247814289015057
1085 1 0.0 -1 -0.7364774443012465 -1 -0.4247814289015057
1086 1 0.0 -1 -0.7364774443012465 -1 -0.4247814289015057
1087 1 0.0 -1 -0.7364774443012465 -1 -0.4247814289015057
1088 1 0.0 -1 -0.7364774443012465 -1 -0.4247814289015057
1089 1 0.0 -1 -0.7364774443012465 -1 -0.4247814289015057
1090 1 0.0 -1 -0.7364774443012465 -1 -0.4247814289015057
1091 1 0.0 -1 -0.7364774443012465 -1 -0.4247814289015057
1092 1 0.0 -1 -0.7364774443012465 -1 -0.4247814289015057
1093 1 0.0 -1 -0.7364774443012465 -1 -0.4247814289015057
1094 1 0.0 -1 -0.7364774443012465 -1 -0.4247814289015057
1095 1 0.0 -1 -0.7364774443012465 -1 -0.4247814289015057
1096 1 0.0 -1 -0.7364774443012465 -1 -0.4247814289015057
1097 1 0.0 -1 -0.7364774443012465 -1 -0.4247814289015057
1098 1 0.0 -1 -0.7364774443012465 -1 -0.4247814289015057
1099 1 0.0 -1 -0.7364774443012465 -1 -0.4247814289015057
1100 1 0.0 -1 -0.7364774443012465 -1 -0.4247814289015057
1101 1 0.0 -1 -0.7364774443012465 -1 -0.4247814289015057
1102 1 0.0 -1 -0.7364774443012465 -1 -0.4247814289015057
1103 1 0.0 -1 -0.7364774443012465 -1 -0.4247814289015057
1104 1 0.0 -1 -0.7364774443012465 -1 -0.4247814289015057
1105 1 0.0 -1 -0.7364774443012465 -1 -0.4247814289015057
1106 1 0.0 -1 -0.7364774443012465 -1 -0.4247814289015057
1107 1 0.0 -1 -0.7364774443012465 -1 -0.4247814289015057
1108 1 0.0 -1 -0.7364774443012465 -1 -0.4247814289015057
1109 1 0.0 -1 -0.7364774443012465 -1 -0.4247814289015057
1110 1 0.0 -1 -0.7364774443012465 -1 -0.4247814289015057
1111 1 0.0 -1 -0.7364774443012465 -1 -0.4247814289015057
1112 1 0.0 -1 -0.7364774443012465 -1 -0.4247814289015057
1113 1 0.0 -1 -0.7364774443012465 -1 -0.4247814289015057
1114 1 0.0 -1 -0.7364774443012465 -1 -0.4247814289015057
1115 1 0.0 -1 -0.7364774443012465 -1 -0.4247814289015057
1116 1 0.0 -1 -0.7364774443012465 -1 -0.4247814289015057
1117 1 0.0 -1 -0.7364774443012465 -1 -0.4247814289015057
1118 1 0.0 -1 -0.7364774443012465 -1 -0.4247814289015057
1119 1 0.0 -1 -0.7364774443012465 -1 -0.4247814289015057
1120 1 0.0 -1 -0.7364774443012465 -1 -0.4247814289015057
1121 1 0.0 -1 -0.7364774443012465 -1 -0.4247814289015057
1122 1 0.0 -1 -0.7364774443012465 -1 -0.4247814289015057
1123 1 0.0 -1 -0.7364774443012465 -1 -0.4247814289015057
1124 1 0.0 -1 -0.7364774443012465 -1 -0.4247814289015057
1125 1 0.0 -1 -0.7364774443012465 -1 -0.4247814289015057
1126 1 0.0 -1 -0.7364774443012465 -1 -0.4247814289015057
1127 1 0.0 -1 -0.7364774443012465 -1 -0.4247814289015057
1128 1 0.0 -1 -0.7364774443012465 -1 -0.4247814289015057
1129 1 0.0 -1 -0.7364774443012465 -1 -0.4247814289015057
1130 1 0.0 -1 -0.7364774443012465 -1 -0.4247814289015057
1131 1 0.0 -1 -0.7364774443012465 -1 -0.4247814289015057
1132 1 0.0 -1 -0.7364774443012465 -1 -0.4247814289015057
1133 1 0.0 -1 -0.7364774443012465 -1 -0.4247814289015057
1134 1 0.0 -1 -0.7364774443012465 -1 -0.4247814289015057
1135 1 0.0 -1 -0.7364774443012465 -1 -0.4247814289015057
1136 1 0.0 -1 -0.7364774443012465 -1 -0.4247814289015057
1137 1 0.0 -1 -0.7364774443012465 -1 -0.4247814289015057
1138 1 0.0 -1 -0.7364774443012465 -1 -0.4247814289015057
1139 1 0.0 -1 -0.7364774443012465 -1 -0.4247814289015057
1140 1 0.0 -1 -0.7364774443012465 -1 -0.4247814289015057
1141 1 0.0 -1 -0.7364774443012465 -1 -0.4247814289015057
1142 1 0.0 -1 -0.7364774443012465 -1 -0.4247814289015057
1143 1 0.0 -1 -0.7364774443012465 -1 -0.4247814289015057
1144 1 0.0 -1 -0.7364774443012465 -1 -0.4247814289015057
1145 1 0.0 -1 -0.7364774443012465 -1 -0.4247814289015057
1146 1 0.0 -1 -0.7364774443012465 -1 -0.4247814289015057
1147 1 0.0 -1 -0.7364774443012465 -1 -0.4247814289015057
1148 1 0.0 -1 -0.7364774443012465 -1 -0.4247814289015057
1149 1 0.0 -1 -0.7364774443012465 -1 -0.4247814289015057
1150 1 0.0 -1 -0.7364774443012465 -1 -0.4247814289015057
1151 1 0.0 -1 -0.7364774443012465 -1 -0.4247814289015057
1152 1 0.0 -1 -0.7364774443012465 -1 -0.4247814289015057
1153 1 0.0 -1 -0.7364774443012465 -1 -0.4247814289015057
1154 1 0.0 -1 -0.7364774443012465 -1 -0.4247814289015057
1155 1 0.0 -1 -0.7364774443012465 -1 -0.4247814289015057
1156 1 0.0 -1 -0.7364774443012465 -1 -0.4247814289015057
1157 1 0.0 -1 -0.7364774443012465 -1 -0.4247814289015057
1158 1 0.0 -1 -0.7364774443012465 -1 -0.4247814289015057
1159 1 0.0 -1 -0.7364774443012465 -1 -0.4247814289015057
1160 1 0.0 -1 -0.7364774443012465 -1 -0.4247814289015057
1161 1 0.0 -1 -0.7364774443012465 -1 -0.4247814289015057
1162 1 0.0 -1 -0.7364774443012465 -1 -0.4247814289015057
1163 1 0.0 -1 -0.7364774443012465 -1 -0.4247814289015057
1164 1 0.0 -1 -0.7364774443012465 -1 -0.4247814289015057
1165 1 0.0 -1 -0.7364774443012465 -1 -0.4247814289015057
1166 1 0.0 -1 -0.7364774443012465 -1 -0.4247814289015057
1167 1 0.0 -1 -0.7364774443012465 -1 -0.4247814289015057
1168 1 0.0 -1 -0.7364774443012465 -1 -0.4247814289015057
1169 1 0.0 -1 -0.7364774443012465 -1 -0.4247814289015057
1170 1 0.0 -1 -0.7364774443012465 -1 -0.4247814289015057
1171 1 0.0 -1 -0.7364774443012465 -1 -0.4247814289015057
1172 1 0.0 -1 -0.7364774443012465 -1 -0.4247814289015057
1173 1 0.0 -1 -0.7364774443012465 -1 -0.4247814289015057
1174 1 0.0 -1 -0.7364774443012465 -1 -0.4247814289015057
1175 1 0.0 -1 -0.7364774443012465 -1 -0.4247814289015057
1176 1 0.0 -1 -0.7364774443012465 -1 -0.4247814289015057
1177 1 0.0 -1 -0.7364774443012465 -1 -0.4247814289015057
1178 1 0.0 -1 -0.7364774443012465 -1 -0.4247814289015057
1179 1 0.0 -1 -0.7364774443012465 -1 -0.4247814289015057
1180 1 0.0 -1 -0.7364774443012465 -1 -0.4247814289015057
1181 1 0.0 -1 -0.7364774443012465 -1 -0.4247814289015057
1182 1 0.0 -1 -0.7364774443012465 -1 -0.4247814289015057
1183 1 0.0 -1 -0.7364774443012465 -1 -0.4247814289015057
1184 1 0.0 -1 -0.7364774443012465 -1 -0.4247814289015057
1185 1 0.0 -1 -0.7364774443012465 -1 -0.4247814289015057
1186 1 0.0 -1 -0.7364774443012465 -1 -0.4247814289015057
1187 1 0.0 -1 -0.7364774443012465 -1 -0.4247814289015057
1188 1 0.0 -1 -0.7364774443012465 -1 -0.4247814289015057
1189 1 0.0 -1 -0.7364774443012465 -1 -0.4247814289015057
1190 1 0.0 -1 -0.7364774443012465 -1 -0.4247814289015057
1191 1 0.0 -1 -0.7364774443012465 -1 -0.4247814289015057
1192 1 0.0 -1 -0.7364774443012465 -1 -0.4247814289015057
1193 1 0.0 -1 -0.7364774443012465 -1 -0.4247814289015057
1194 1 0.0 -1 -0.7364774443012465 -1 -0.4247814289015057
1195 1 0.0 -1 -0.7364774443012465 -1 -0.4247814289015057
1196 1 0.0 -1 -0.7364774443012465 -1 -0.4247814289015057
1197 1 0.0 -1 -0.7364774443012465 -1 -0.4247814289015057
1198 1 0.0 -1 -0.7364774443012465 -1 -0.4247814289015057
1199 1 0.0 -1 -0.7364774443012465 -1 -0.4247814289015057
1200 1 0.0 -1 -0.7364774443012465 -1 -0.4247814289015057
1201 1 0.0 -1 -0.7364774443012465 -1 -0.4247814289015057
1202 1 0.0 -1 -0.7364774443012465 -1 -0.4247814289015057
1203 1 0.0 -1 -0.7364774443012465 -1 -0.4247814289015057
1204 1 0.0 -1 -0.7364774443012465 -1 -0.4247814289015057
1205 1 0.0 -1 -0.7364774443012465 -1 -0.4247814289015057
1206 1 0.0 -1 -0.7364774443012465 -1 -0.4247814289015057
1207 1 0.0 -1 -0.7364774443012465 -1 -0.4247814289015057
1208 1 0.0 -1 -0.7364774443012465 -1 -0.4247814289015057
1209 1 0.0 -1 -0.7364774443012465 -1 -0.4247814289015057
1210 1 0.0 -1 -0.7364774443012465 -1 -0.4247814289015057
1211 1 0.0 -1 -0.7364774443012465 -1 -0.4247814289015057
1212 1 0.0 -1 -0.7364774443012465 -1 -0.4247814289015057
1213 1 0.0 -1 -0.7364774443012465 -1 -0.4247814289015057
1214 1 0.0 -1 -0.7364774443012465 -1 -0.4247814289015057
1215 1 0.0 -1 -0.7364774443012465 -1 -0.4247814289015057
1216 1 0.0 -1 -0.7364774443012465 -1 -0.4247814289015057
1217 1 0.0 -1 -0.7364774443012465 -1 -0.4247814289015057
1218 1 0.0 -1 -0.7364774443012465 -1 -0.4247814289015057
1219 1 0.0 -1 -0.7364774443012465 -1 -0.4247814289015057
1220 1 0.0 -1 -0.7364774443012465 -1 -0.4247814289015057
1221 1 0.0 -1 -0.7364774443012465 -1 -0.4247814289015057
1222 1 0.0 -1 -0.7364774443012465 -1 -0.4247814289015057
1223 1 0.0 -1 -0.7364774443012465 -1 -0.4247814289015057
1224 1 0.0 -1 -0.7364774443012465 -1 -0.4247814289015057
1225 1 0.0 -1 -0.7364774443012465 -1 -0.4247814289015057
1226 1 0.0 -1 -0.7364774443012465 -1 -0.4247814289015057
1227 1 0.0 -1 -0.7364774443012465 -1 -0.4247814289015057
1228 1 0.0 -1 -0.7364774443012465 -1 -0.4247814289015057
1229 1 0.0 -1 -0.7364774443012465 -1 -0.4247814289015057
1230 1 0.0 -1 -0.7364774443012465 -1 -0.4247814289015057
1231 1 0.0 -1 -0.7364774443012465 -1 -0.4247814289015057
1232 1 0.0 -1 -0.7364774443012465 -1 -0.4247814289015057
1233 1 0.0 -1 -0.7364774443012465 -1 -0.4247814289015057
1234 1 0.0 -1 -0.7364774443012465 -1 -0.4247814289015057
1235 1 0.0 -1 -0.7364774443012465 -1 -0.4247814289015057
1236 1 0.0 -1 -0.7364774443012465 -1 -0.4247814289015057
1237 1 0.0 -1 -0.7364774443012465 -1 -0.4247814289015057
1238 1 0.0 -1 -0.7364774443012465 -1 -0.4247814289015057
1239 1 0.0 -1 -0.7364774443012465 -1 -0.4247814289015057
1240 1 0.0 -1 -0.7364774443012465 -1 -0.4247814289015057
1241 1 0.0 -1 -0.7364774443012465 -1 -0.4247814289015057
1242 1 0.0 -1 -0.7364774443012465 -1 -0.4247814289015057
1243 1 0.0 -1 -0.7364774443012465 -1 -0.4247814289015057
1244 1 0.0 -1 -0.7364774443012465 -1 -0.4247814289015057
1245 1 0.0 -1 -0.7364774443012465 -1 -0.4247814289015057
1246 1 0.0 -1 -0.7364774443012465 -1 -0.4247814289015057
1247 1 0.0 -1 -0.7364774443012465 -1 -0.4247814289015057
1248 1 0.0 -1 -0.7364774443012465 -1 -0.4247814289015057
1249 1 0.0 -1 -0.7364774443012465 -1 -0.4247814289015057
1250 1 0.0 -1 -0.7364774443012465 -1 -0.4247814289015057
1251 1 0.0 -1 -0.7364774443012465 -1 -0.4247814289015057
1252 1 0.0 -1 -0.7364774443012465 -1 -0.4247814289015057
1253 1 0.0 -1 -0.7364774443012465 -1 -0.4247814289015057
1254 1 0.0 -1 -0.7364774443012465 -1 -0.4247814289015057
1255 1 0.0 -1 -0.7364774443012465 -1 -0.4247814289015057
1256 1 0.0 -1 -0.7364774443012465 -1 -0.4247814289015057
1257 1 0.0 -1 -0.7364774443012465 -1 -0.4247814289015057
1258 1 0.0 -1 -0.7364774443012465 -1 -0.4247814289015057
1259 1 0.0 -1 -0.7364774443012465 -1 -0.4247814289015057
1260 1 0.0 -1 -0.7364774443012465 -1 -0.4247814289015057
1261 1 0.0 -1 -0.7364774443012465 -1 -0.4247814289015057
1262 1 0.0 -1 -0.7364774443012465 -1 -0.4247814289015057
1263 1 0.0 -1 -0.7364774443012465 -1 -0.4247814289015057
1264 1 0.0 -1 -0.7364774443012465 -1 -0.4247814289015057
1265 1 0.0 -1 -0.7364774443012465 -1 -0.4247814289015057
1266 1 0.0 -1 -0.7364774443012465 -1 -0.4247814289015057
1267 1 0.0 -1 -0.7364774443012465 -1 -0.4247814289015057
1268 1 0.0 -1 -0.7364774443012465 -1 -0.4247814289015057
1269 1 0.0 -1 -0.7364774443012465 -1 -0.4247814289015057
1270 1 0.0 -1 -0.7364774443012465 -1 -0.4247814289015057
1271 1 0.0 -1 -0.7364774443012465 -1 -0.4247814289015057
1272 1 0.0 -1 -0.7364774443012465 -1 -0.4247814289015057
1273 1 0.0 -1 -0.7364774443012465 -1 -0.4247814289015057
1274 1 0.0 -1 -0.7364774443012465 -1 -0.4247814289015057
1275 1 0.0 -1 -0.7364774443012465 -1 -0.4247814289015057
1276 1 0.0 -1 -0.7364774443012465 -1 -0.4247814289015057
1277 1 0.0 -1 -0.7364774443012465 -1 -0.4247814289015057
1278 1 0.0 -1 -0.7364774443012465 -1 -0.4247814289015057
1279 1 0.0 -1 -0.7364774443012465 -1 -0.4247814289015057
1280 1 0.0 -1 -0.7364774443012465 -1 -0.4247814289015057
1281 1 0.0 -1 -0.7364774443012465 -1 -0.4247814289015057
1282 1 0.0 -1 -0.7364774443012465 -1 -0.4247814289015057
1283 1 0.0 -1 -0.7364774443012465 -1 -0.4247814289015057
1284 1 0.0 -1 -0.7364774443012465 -1 -0.4247814289015057
1285 1 0.0 -1 -0.7364774443012465 -1 -0.4247814289015057
1286 1 0.0 -1 -0.7364774443012465 -1 -0.4247814289015057
1287 1 0.0 -1 -0.7364774443012465 -1 -0.4247814289015057
1288 1 0.0 -1 -0.7364774443012465 -1 -0.4247814289015057
1289 1 0.0 -1 -0.7364774443012465 -1 -0.4247814289015057
1290 1 0.0 -1 -0.7364774443012465 -1 -0.4247814289015057
1291 1 0.0 -1 -0.7364774443012465 -1 -0.4247814289015057
1292 1 0.0 -1 -0.7364774443012465 -1 -0.4247814289015057
1293 1 0.0 -1 -0.7364774443012465 -1 -0.4247814289015057
1294 1 0.0 -1 -0.7364774443012465 -1 -0.4247814289015057
1295 1 0.0 -1 -0.7364774443012465 -1 -0.4247814289015057
1296 1 0.0 -1 -0.7364774443012465 -1 -0.4247814289015057
1297 1 0.0 -1 -0.7364774443012465 -1 -0.4247814289015057
1298 1 0.0 -1 -0.7364774443012465 -1 -0.4247814289015057
1299 1 0.0 -1 -0.7364774443012465 -1 -0.4247814289015057
1300 1 0.0 -1 -0.7364774443012465 -1 -0.4247814289015057
1301 1 0.0 -1 -0.7364774443012465 -1 -0.4247814289015057
1302 1 0.0 -1 -0.7364774443012465 -1 -0.4247814289015057
1303 1 0.0 -1 -0.7364774443012465 -1 -0.4247814289015057
1304 1 0.0 -1 -0.7364774443012465 -1 -0.4247814289015057
1305 1 0.0 -1 -0.7364774443012465 -1 -0.4247814289015057
1306 1 0.0 -1 -0.7364774443012465 -1 -0.4247814289015057
1307 1 0.0 -1 -0.7364774443012465 -1 -0.4247814289015057
1308 1 0.0 -1 -0.7364774443012465 -1 -0.4247814289015057
1309 1 0.0 -1 -0.7364774443012465 -1 -0.4247814289015057
1310 1 0.0 -1 -0.7364774443012465 -1 -0.4247814289015057
1311 1 0.0 -1 -0.7364774443012465 -1 -0.4247814289015057
1312 1 0.0 -1 -0.7364774443012465 -1 -0.4247814289015057
1313 1 0.0 -1 -0.7364774443012465 -1 -0.4247814289015057
1314 1 0.0 -1 -0.7364774443012465 -1 -0.4247814289015057
1315 1 0.0 -1 -0.7364774443012465 -1 -0.4247814289015057
1316 1 0.0 -1 -0.7364774443012465 -1 -0.4247814289015057
1317 1 0.0 -1 -0.7364774443012465 -1 -0.4247814289015057
1318 1 0.0 -1 -0.7364774443012465 -1 -0.4247814289015057
1319 1 0.0 -1 -0.7364774443012465 -1 -0.4247814289015057
1320 1 0.0 -1 -0.7364774443012465 -1 -0.4247814289015057
1321 1 0.0 -1 -0.7364774443012465 -1 -0.4247814289015057
1322 1 0.0 -1 -0.7364774443012465 -1 -0.4247814289015057
1323 1 0.0 -1 -0.7364774443012465 -1 -0.4247814289015057
1324 1 0.0 -1 -0.7364774443012465 -1 -0.4247814289015057
1325 1 0.0 -1 -0.7364774443012465 -1 -0.4247814289015057
1326 1 0.0 -1 -0.7364774443012465 -1 -0.4247814289015057
1327 1 0.0 -1 -0.7364774443012465 -1 -0.4247814289015057
1328 1 0.0 -1 -0.7364774443012465 -1 -0.4247814289015057
1329 1 0.0 -1 -0.7364774443012465 -1 -0.4247814289015057
1330 1 0.0 -1 -0.7364774443012465 -1 -0.4247814289015057
1331 1 0.0 -1 -0.7364774443012465 -1 -0.4247814289015057
1332 1 0.0 -1 -0.7364774443012465 -1 -0.4247814289015057
1333 1 0.0 -1 -0.7364774443012465 -1 -0.4247814289015057
1334 1 0.0 -1 -0.7364774443012465 -1 -0.4247814289015057
1335 1 0.0 -1 -0.7364774443012465 -1 -0.4247814289015057
1336 1 0.0 -1 -0.7364774443012465 -1 -0.4247814289015057
1337 1 0.0 -1 -0.7364774443012465 -1 -0.4247814289015057
1338 1 0.0 -1 -0.7364774443012465 -1 -0.4247814289015057
1339 1 0.0 -1 -0.7364774443012465 -1 -0.4247814289015057
1340 1 0.0 -1 -0.7364774443012465 -1 -0.4247814289015057
1341 1 0.0 -1 -0.7364774443012465 -1 -0.4247814289015057
1342 1 0.0 -1 -0.7364774443012465 -1 -0.4247814289015057
1343 1 0.0 -1 -0.7364774443012465 -1 -0.4247814289015057
1344 1 0.0 -1 -0.7364774443012465 -1 -0.4247814289015057
1345 1 0.0 -1 -0.7364774443012465 -1 -0.4247814289015057
1346 1 0.0 -1 -0.7364774443012465 -1 -0.4247814289015057
1347 1 0.0 -1 -0.7364774443012465 -1 -0.4247814289015057
1348 1 0.0 -1 -0.7364774443012465 -1 -0.4247814289015057
1349 1 0.0 -1 -0.7364774443012465 -1 -0.4247814289015057
1350 1 0.0 -1 -0.7364774443012465 -1 -0.4247814289015057
1351 1 0.0 -1 -0.7364774443012465 -1 -0.4247814289015057
1352 1 0.0 -1 -0.7364774443012465 -1 -0.4247814289015057
1353 1 0.0 -1 -0.7364774443012465 -1 -0.4247814289015057
1354 1 0.0 -1 -0.7364774443012465 -1 -0.4247814289015057
1355 1 0.0 -1 -0.7364774443012465 -1 -0.4247814289015057
1356 1 0.0 -1 -0.7364774443012465 -1 -0.4247814289015057
1357 1 0.0 -1 -0.7364774443012465 -1 -0.4247814289015057
1358 1 0.0 -1 -0.7364774443012465 -1 -0.4247814289015057
1359 1 0.0 -1 -0.7364774443012465 -1 -0.4247814289015057
1360 1 0.0 -1 -0.7364774443012465 -1 -0.4247814289015057
1361 1 0.0 -1 -0.7364774443012465 -1 -0.4247814289015057
1362 1 0.0 -1 -0.7364774443012465 -1 -0.4247814289015057
1363 1 0.0 -1 -0.7364774443012465 -1 -0.4247814289015057
1364 1 0.0 -1 -0.7364774443012465 -1 -0.4247814289015057
1365 1 0.0 -1 -0.7364774443012465 -1 -0.4247814289015057
1366 1 0.0 -1 -0.7364774443012465 -1 -0.4247814289015057
1367 1 0.0 -1 -0.7364774443012465 -1 -0.4247814289015057
1368 1 0.0 -1 -0.7364774443012465 -1 -0.4247814289015057
1369 1 0.0 -1 -0.7364774443012465 -1 -0.4247814289015057
1370 1 0.0 -1 -0.7364774443012465 -1 -0.4247814289015057
1371 1 0.0 -1 -0.7364774443012465 -1 -0.4247814289015057
1372 1 0.0 -1 -0.7364774443012465 -1 -0.4247814289015057
1373 1 0.0 -1 -0.7364774443012465 -1 -0.4247814289015057
1374 1 0.0 -1 -0.7364774443012465 -1 -0.4247814289015057
1375 1 0.0 -1 -0.7364774443012465 -1 -0.4247814289015057
1376 1 0.0 -1 -0.7364774443012465 -1 -0.4247814289015057
1377 1 0.0 -1 -0.7364774443012465 -1 -0.4247814289015057
1378 1 0.0 -1 -0.7364774443012465 -1 -0.4247814289015057
1379 1 0.0 -1 -0.7364774443012465 -1 -0.4247814289015057
1380 1 0.0 -1 -0.7364774443012465 -1 -0.4247814289015057
1381 1 0.0 -1 -0.7364774443012465 -1 -0.4247814289015057
1382 1 0.0 -1 -0.7364774443012465 -1 -0.4247814289015057
1383 1 0.0 -1 -0.7364774443012465 -1 -0.4247814289015057
1384 1 0.0 -1 -0.7364774443012465 -1 -0.4247814289015057
1385 1 0.0 -1 -0.7364774443012465 -1 -0.4247814289015057
1386 1 0.0 -1 -0.7364774443012465 -1 -0.4247814289015057
1387 1 0.0 -1 -0.7364774443012465 -1 -0.4247814289015057
1388 1 0.0 -1 -0.7364774443012465 -1 -0.4247814289015057
1389 1 0.0 -1 -0.7364774443012465 -1 -0.4247814289015057
1390 1 0.0 -1 -0.7364774443012465 -1 -0.4247814289015057
1391 1 0.0 -1 -0.7364774443012465 -1 -0.4247814289015057
1392 1 0.0 -1 -0.7364774443012465 -1 -0.4247814289015057
1393 1 0.0 -1 -0.7364774443012465 -1 -0.4247814289015057
1394 1 0.0 -1 -0.7364774443012465 -1 -0.4247814289015057
1395 1 0.0 -1 -0.7364774443012465 -1 -0.4247814289015057
1396 1 0.0 -1 -0.7364774443012465 -1 -0.4247814289015057
1397 1 0.0 -1 -0.7364774443012465 -1 -0.4247814289015057
1398 1 0.0 -1 -0.7364774443012465 -1 -0.4247814289015057
1399 1 0.0 -1 -0.7364774443012465 -1 -0.4247814289015057
1400 1 0.0 -1 -0.7364774443012465 -1 -0.4247814289015057
1401 1 0.0 -1 -0.7364774443012465 -1 -0.4247814289015057
1402 1 0.0 -1 -0.7364774443012465 -1 -0.4247814289015057
1403 1 0.0 -1 -0.7364774443012465 -1 -0.4247814289015057
1404 1 0.0 -1 -0.7364774443012465 -1 -0.4247814289015057
1405 1 0.0 -1 -0.7364774443012465 -1 -0.4247814289015057
1406 1 0.0 -1 -0.7364774443012465 -1 -0.4247814289015057
1407 1 0.0 -1 -0.7364774443012465 -1 -0.4247814289015057
1408 1 0.0 -1 -0.7364774443012465 -1 -0.4247814289015057
1409 1 0.0 -1 -0.7364774443012465 -1 -0.4247814289015057
1410 1 0.0 -1 -0.7364774443012465 -1 -0.4247814289015057
1411 1 0.0 -1 -0.7364774443012465 -1 -0.4247814289015057
1412 1 0.0 -1 -0.7364774443012465 -1 -0.4247814289015057
1413 1 0.0 -1 -0.7364774443012465 -1 -0.4247814289015057
1414 1 0.0 -1 -0.7364774443012465 -1 -0.4247814289015057
1415 1 0.0 -1 -0.7364774443012465 -1 -0.4247814289015057
1416 1 0.0 -1 -0.7364774443012465 -1 -0.4247814289015057
1417 1 0.0 -1 -0.7364774443012465 -1 -0.4247814289015057
1418 1 0.0 -1 -0.7364774443012465 -1 -0.4247814289015057
1419 1 0.0 -1 -0.7364774443012465 -1 -0.4247814289015057
1420 1 0.0 -1 -0.7364774443012465 -1 -0.4247814289015057
1421 1 0.0 -1 -0.7364774443012465 -1 -0.4247814289015057
1422 1 0.0 -1 -0.7364774443012465 -1 -0.4247814289015057
1423 1 0.0 -1 -0.7364774443012465 -1 -0.4247814289015057
1424 1 0.0 -1 -0.7364774443012465 -1 -0.4247814289015057
1425 1 0.0 -1 -0.7364774443012465 -1 -0.4247814289015057
1426 1 0.0 -1 -0.7364774443012465 -1 -0.4247814289015057
1427 1 0.0 -1 -0.7364774443012465 -1 -0.4247814289015057
1428 1 0.0 -1 -0.7364774443012465 -1 -0.4247814289015057
1429 1 0.0 -1 -0.7364774443012465 -1 -0.4247814289015057
1430 1 0.0 -1 -0.7364774443012465 -1 -0.4247814289015057
1431 1 0.0 -1 -0.7364774443012465 -1 -0.4247814289015057
1432 1 0.0 -1 -0.7364774443012465 -1 -0.4247814289015057
1433 1 0.0 -1 -0.7364774443012465 -1 -0.4247814289015057
1434 1 0.0 -1 -0.7364774443012465 -1 -0.4247814289015057
1435 1 0.0 -1 -0.7364774443012465 -1 -0.4247814289015057
1436 1 0.0 -1 -0.7364774443012465 -1 -0.4247814289015057
1437 1 0.0 -1 -0.7364774443012465 -1 -0.4247814289015057
1438 1 0.0 -1 -0.7364774443012465 -1 -0.4247814289015057
1439 1 0.0 -1 -0.7364774443012465 -1 -0.4247814289015057
1440 1 0.0 -1 -0.7364774443012465 -1 -0.4247814289015057
1441 1 0.0 -1 -0.7364774443012465 -1 -0.4247814289015057
1442 1 0.0 -1 -0.7364774443012465 -1 -0.4247814289015057
1443 1 0.0 -1 -0.7364774443012465 -1 -0.4247814289015057
1444 1 0.0 -1 -0.7364774443012465 -1 -0.4247814289015057
1445 1 0.0 -1 -0.7364774443012465 -1 -0.4247814289015057
1446 1 0.0 -1 -0.7364774443012465 -1 -0.4247814289015057
1447 1 0.0 -1 -0.7364774443012465 -1 -0.4247814289015057
1448 1 0.0 -1 -0.7364774443012465 -1 -0.4247814289015057
1449 1 0.0 -1 -0.7364774443012465 -1 -0.4247814289015057
1450 1 0.0 -1 -0.7364774443012465 -1 -0.4247814289015057
1451 1 0.0 -1 -0.7364774443012465 -1 -0.4247814289015057
1452 1 0.0 -1 -0.7364774443012465 -1 -0.4247814289015057
1453 1 0.0 -1 -0.7364774443012465 -1 -0.4247814289015057
1454 1 0.0 -1 -0.7364774443012465 -1 -0.4247814289015057
1455 1 0.0 -1 -0.7364774443012465 -1 -0.4247814289015057
1456 1 0.0 -1 -0.7364774443012465 -1 -0.4247814289015057
1457 1 0.0 -1 -0.7364774443012465 -1 -0.4247814289015057
1458 1 0.0 -1 -0.7364774443012465 -1 -0.4247814289015057
1459 1 0.0 -1 -0.7364774443012465 -1 -0.4247814289015057
1460 1 0.0 -1 -0.7364774443012465 -1 -0.4247814289015057
1461 1 0.0 -1 -0.7364774443012465 -1 -0.4247814289015057
1462 1 0.0 -1 -0.7364774443012465 -1 -0.4247814289015057
1463 1 0.0 -1 -0.7364774443012465 -1 -0.4247814289015057
1464 1 0.0 -1 -0.7364774443012465 -1 -0.4247814289015057
1465 1 0.0 -1 -0.7364774443012465 -1 -0.4247814289015057
1466 1 0.0 -1 -0.7364774443012465 -1 -0.4247814289015057
1467 1 0.0 -1 -0.7364774443012465 -1 -0.4247814289015057
1468 1 0.0 -1 -0.7364774443012465 -1 -0.4247814289015057
1469 1 0.0 -1 -0.7364774443012465 -1 -0.4247814289015057
1470 1 0.0 -1 -0.7364774443012465 -1 -0.4247814289015057
1471 1 0.0 -1 -0.7364774443012465 -1 -0.4247814289015057
1472 1 0.0 -1 -0.7364774443012465 -1 -0.4247814289015057
1473 1 0.0 -1 -0.7364774443012465 -1 -0.4247814289015057
1474 1 0.0 -1 -0.7364774443012465 -1 -0.4247814289015057
1475 1 0.0 -1 -0.7364774443012465 -1 -0.4247814289015057
1476 1 0.0 -1 -0.7364774443012465 -1 -0.4247814289015057
1477 1 0.0 -1 -0.7364774443012465 -1 -0.4247814289015057
1478 1 0.0 -1 -0.7364774443012465 -1 -0.4247814289015057
1479 1 0.0 -1 -0.7364774443012465 -1 -0.4247814289015057
1480 1 0.0 -1 -0.7364774443012465 -1 -0.4247814289015057
1481 1 0.0 -1 -0.7364774443012465 -1 -0.4247814289015057
1482 1 0.0 -1 -0.7364774443012465 -1 -0.4247814289015057
1483 1 0.0 -1 -0.7364774443012465 -1 -0.4247814289015057
1484 1 0.0 -1 -0.7364774443012465 -1 -0.4247814289015057
1485 1 0.0 -1 -0.7364774443012465 -1 -0.4247814289015057
1486 1 0.0 -1 -0.7364774443012465 -1 -0.4247814289015057
1487 1 0.0 -1 -0.7364774443012465 -1 -0.4247814289015057
1488 1 0.0 -1 -0.7364774443012465 -1 -0.4247814289015057
1489 1 0.0 -1 -0.7364774443012465 -1 -0.4247814289015057
1490 1 0.0 -1 -0.7364774443012465 -1 -0.4247814289015057
1491 1 0.0 -1 -0.7364774443012465 -1 -0.4247814289015057
1492 1 0.0 -1 -0.7364774443012465 -1 -0.4247814289015057
1493 1 0.0 -1 -0.7364774443012465 -1 -0.4247814289015057
1494 1 0.0 -1 -0.7364774443012465 -1 -0.4247814289015057
1495 1 0.0 -1 -0.7364774443012465 -1 -0.4247814289015057
1496 1 0.0 -1 -0.7364774443012465 -1 -0.4247814289015057
1497 1 0.0 -1 -0.7364774443012465 -1 -0.4247814289015057
1498 1 0.0 -1 -0.7364774443012465 -1 -0.4247814289015057
1499 1 0.0 -1 -0.7364774443012465 -1 -0.4247814289015057
1500 1 0.0 -1 -0.7364774443012465 -1 -0.4247814289015057
