1 1 0.0 1 0.8873725104460906 -1 -0.9820773909901974
2 1 0.0 1 0.8873725104460906 -1 -0.9820773909901974
3 1 0.0 1 0.8873725104460906 -1 -0.9820773909901974
4 1 0.0 1 0.8873725104460906 -1 -0.9820773909901974
5 1 0.0 1 0.8873725104460906 -1 -0.9820773909901974
6 1 0.0 1 0.8873725104460906 -1 -0.9820773909901974
7 1 0.0 1 0.8873725104460906 -1 -0.9820773909901974
8 1 0.0 1 0.8873725104460906 -1 -0.9820773909901974
9 1 0.0 1 0.8873725104460906 -1 -0.9820773909901974
10 1 0.0 1 0.8873725104460906 -1 -0.9820773909901974
11 1 0.0 1 0.8873725104460906 -1 -0.9820773909901974
12 1 0.0 1 0.8873725104460906 -1 -0.9820773909901974
13 1 0.0 1 0.8873725104460906 -1 -0.9820773909901974
14 1 0.0 1 0.8873725104460906 -1 -0.9820773909901974
15 1 0.0 1 0.8873725104460906 -1 -0.9820773909901974
16 1 0.0 1 0.8873725104460906 -1 -0.9820773909901974
17 1 0.0 1 0.8873725104460906 -1 -0.9820773909901974
18 1 0.0 1 0.8873725104460906 -1 -0.9820773909901974
19 1 0.0 1 0.8873725104460906 -1 -0.9820773909901974
20 1 0.0 1 0.8873725104460906 -1 -0.9820773909901974
21 1 0.0 1 0.8873725104460906 -1 -0.9820773909901974
22 1 0.0 1 0.8873725104460906 -1 -0.9820773909901974
23 1 0.0 1 0.8873725104460906 -1 -0.9820773909901974
24 1 0.0 1 0.8873725104460906 -1 -0.9820773909901974
25 1 0.0 1 0.8873725104460906 -1 -0.9820773909901974
26 1 0.0 1 0.8873725104460906 -1 -0.9820773909901974
27 1 0.0 1 0.8873725104460906 -1 -0.9820773909901974
28 1 0.0 1 0.8873725104460906 -1 -0.9820773909901974
29 1 0.0 1 0.8873725104460906 -1 -0.9820773909901974
30 1 0.0 1 0.8873725104460906 -1 -0.9820773909901974
31 1 0.0 1 0.8873725104460906 -1 -0.9820773909901974
32 1 0.0 1 0.8873725104460906 -1 -0.9820773909901974
33 1 0.0 1 0.8873725104460906 -1 -0.9820773909901974
34 1 0.0 1 0.8873725104460906 -1 -0.9820773909901974
35 1 0.0 1 0.8873725104460906 -1 -0.9820773909901974
36 1 0.0 1 0.8873725104460906 -1 -0.9820773909901974
37 1 0.0 1 0.8873725104460906 -1 -0.9820773909901974
38 1 0.0 1 0.8873725104460906 -1 -0.9820773909901974
39 1 0.0 1 0.8873725104460906 -1 -0.9820773909901974
40 1 0.0 1 0.8873725104460906 -1 -0.9820773909901974
41 1 0.0 1 0.8873725104460906 -1 -0.9820773909901974
42 1 0.0 1 0.8873725104460906 -1 -0.9820773909901974
43 1 0.0 1 0.8873725104460906 -1 -0.9820773909901974
44 1 0.0 1 0.8873725104460906 -1 -0.9820773909901974
45 1 0.0 1 0.8873725104460906 -1 -0.9820773909901974
46 1 0.0 1 0.8873725104460906 -1 -0.9820773909901974
47 1 0.0 1 0.8873725104460906 -1 -0.9820773909901974
48 1 0.0 1 0.8873725104460906 -1 -0.9820773909901974
49 1 0.0 1 0.8873725104460906 -1 -0.9820773909901974
50 1 0.0 1 0.8873725104460906 -1 -0.9820773909901974
51 1 0.0 1 0.8873725104460906 -1 -0.9820773909901974
52 1 0.0 1 0.8873725104460906 -1 -0.9820773909901974
53 1 0.0 1 0.8873725104460906 -1 -0.9820773909901974
54 1 0.0 1 0.8873725104460906 -1 -0.9820773909901974
55 1 0.0 1 0.8873725104460906 -1 -0.9820773909901974
56 1 0.0 1 0.8873725104460906 -1 -0.9820773909901974
57 1 0.0 1 0.8873725104460906 -1 -0.9820773909901974
58 1 0.0 1 0.8873725104460906 -1 -0.9820773909901974
59 1 0.0 1 0.8873725104460906 -1 -0.9820773909901974
60 1 0.0 1 0.8873725104460906 -1 -0.9820773909901974
61 1 0.0 1 0.8873725104460906 -1 -0.9820773909901974
62 1 0.0 1 0.8873725104460906 -1 -0.9820773909901974
63 1 0.0 1 0.8873725104460906 -1 -0.9820773909901974
64 1 0.0 1 0.8873725104460906 -1 -0.9820773909901974
65 1 0.0 1 0.8873725104460906 -1 -0.9820773909901974
66 1 0.0 1 0.8873725104460906 -1 -0.9820773909901974
67 1 0.0 1 0.8873725104460906 -1 -0.9820773909901974
68 1 0.0 1 0.8873725104460906 -1 -0.9820773909901974
69 1 0.0 1 0.8873725104460906 -1 -0.9820773909901974
70 1 0.0 1 0.8873725104460906 -1 -0.9820773909901974
71 1 0.0 1 0.8873725104460906 -1 -0.9820773909901974
72 1 0.0 1 0.8873725104460906 -1 -0.9820773909901974
73 1 0.0 1 0.8873725104460906 -1 -0.9820773909901974
74 1 0.0 1 0.8873725104460906 -1 -0.9820773909901974
75 1 0.0 1 0.8873725104460906 -1 -0.9820773909901974
76 1 0.0 1 0.8873725104460906 -1 -0.9820773909901974
77 1 0.0 1 0.8873725104460906 -1 -0.9820773909901974
78 1 0.0 1 0.8873725104460906 -1 -0.9820773909901974
79 1 0.0 1 0.8873725104460906 -1 -0.9820773909901974
80 1 0.0 1 0.8873725104460906 -1 -0.9820773909901974
81 1 0.0 1 0.8873725104460906 -1 -0.9820773909901974
82 1 0.0 1 0.8873725104460906 -1 -0.9820773909901974
83 1 0.0 1 0.8873725104460906 -1 -0.9820773909901974
84 1 0.0 1 0.8873725104460906 -1 -0.9820773909901974
85 1 0.0 1 0.8873725104460906 -1 -0.9820773909901974
86 1 0.0 1 0.8873725104460906 -1 -0.9820773909901974
87 1 0.0 1 0.8873725104460906 -1 -0.9820773909901974
88 1 0.0 1 0.8873725104460906 -1 -0.9820773909901974
89 1 0.0 1 0.8873725104460906 -1 -0.9820773909901974
90 1 0.0 1 0.8873725104460906 -1 -0.9820773909901974
91 1 0.0 1 0.8873725104460906 -1 -0.9820773909901974
92 1 0.0 1 0.8873725104460906 -1 -0.9820773909901974
93 1 0.0 1 0.8873725104460906 -1 -0.9820773909901974
94 1 0.0 1 0.8873725104460906 -1 -0.9820773909901974
95 1 0.0 1 0.8873725104460906 -1 -0.9820773909901974
96 1 0.0 1 0.8873725104460906 -1 -0.9820773909901974
97 1 0.0 1 0.8873725104460906 -1 -0.9820773909901974
98 1 0.0 1 0.8873725104460906 -1 -0.9820773909901974
99 1 0.0 1 0.8873725104460906 -1 -0.9820773909901974
100 1 0.0 1 0.8873725104460906 -1 -0.9820773909901974
101 1 0.0 1 0.8873725104460906 -1 -0.9820773909901974
102 1 0.0 1 0.8873725104460906 -1 -0.9820773909901974
103 1 0.0 1 0.8873725104460906 -1 -0.9820773909901974
104 1 0.0 1 0.8873725104460906 -1 -0.9820773909901974
105 1 0.0 1 0.8873725104460906 -1 -0.9820773909901974
106 1 0.0 1 0.8873725104460906 -1 -0.9820773909901974
107 1 0.0 1 0.8873725104460906 -1 -0.9820773909901974
108 1 0.0 1 0.8873725104460906 -1 -0.9820773909901974
109 1 0.0 1 0.8873725104460906 -1 -0.9820773909901974
110 1 0.0 1 0.8873725104460906 -1 -0.9820773909901974
111 1 0.0 1 0.8873725104460906 -1 -0.9820773909901974
112 1 0.0 1 0.8873725104460906 -1 -0.9820773909901974
113 1 0.0 1 0.8873725104460906 -1 -0.9820773909901974
114 1 0.0 1 0.8873725104460906 -1 -0.9820773909901974
115 1 0.0 1 0.8873725104460906 -1 -0.9820773909901974
116 1 0.0 1 0.8873725104460906 -1 -0.9820773909901974
117 1 0.0 1 0.8873725104460906 -1 -0.9820773909901974
118 1 0.0 1 0.8873725104460906 -1 -0.9820773909901974
119 1 0.0 1 0.8873725104460906 -1 -0.9820773909901974
120 1 0.0 1 0.8873725104460906 -1 -0.9820773909901974
121 1 0.0 1 0.8873725104460906 -1 -0.9820773909901974
122 1 0.0 1 0.8873725104460906 -1 -0.9820773909901974
123 1 0.0 1 0.8873725104460906 -1 -0.9820773909901974
124 1 0.0 1 0.8873725104460906 -1 -0.9820773909901974
125 1 0.0 1 0.8873725104460906 -1 -0.9820773909901974
126 1 0.0 1 0.8873725104460906 -1 -0.9820773909901974
127 1 0.0 1 0.8873725104460906 -1 -0.9820773909901974
128 1 0.0 1 0.8873725104460906 -1 -0.9820773909901974
129 1 0.0 1 0.8873725104460906 -1 -0.9820773909901974
130 1 0.0 1 0.8873725104460906 -1 -0.9820773909901974
131 1 0.0 1 0.8873725104460906 -1 -0.9820773909901974
132 1 0.0 1 0.8873725104460906 -1 -0.9820773909901974
133 1 0.0 1 0.8873725104460906 -1 -0.9820773909901974
134 1 0.0 1 0.8873725104460906 -1 -0.9820773909901974
135 1 0.0 1 0.8873725104460906 -1 -0.9820773909901974
136 1 0.0 1 0.8873725104460906 -1 -0.9820773909901974
137 1 0.0 1 0.8873725104460906 -1 -0.9820773909901974
138 1 0.0 1 0.8873725104460906 -1 -0.9820773909901974
139 1 0.0 1 0.8873725104460906 -1 -0.9820773909901974
140 1 0.0 1 0.8873725104460906 -1 -0.9820773909901974
141 1 0.0 1 0.8873725104460906 -1 -0.9820773909901974
142 1 0.0 1 0.8873725104460906 -1 -0.9820773909901974
143 1 0.0 1 0.8873725104460906 -1 -0.9820773909901974
144 1 0.0 1 0.8873725104460906 -1 -0.9820773909901974
145 1 0.0 1 0.8873725104460906 -1 -0.9820773909901974
146 1 0.0 1 0.8873725104460906 -1 -0.9820773909901974
147 1 0.0 1 0.8873725104460906 -1 -0.9820773909901974
148 1 0.0 1 0.8873725104460906 -1 -0.9820773909901974
149 1 0.0 1 0.8873725104460906 -1 -0.9820773909901974
150 1 0.0 1 0.8873725104460906 -1 -0.9820773909901974
151 1 0.0 1 0.8873725104460906 -1 -0.9820773909901974
152 1 0.0 1 0.8873725104460906 -1 -0.9820773909901974
153 1 0.0 1 0.8873725104460906 -1 -0.9820773909901974
154 1 0.0 1 0.8873725104460906 -1 -0.9820773909901974
155 1 0.0 1 0.8873725104460906 -1 -0.9820773909901974
156 1 0.0 1 0.8873725104460906 -1 -0.9820773909901974
157 1 0.0 1 0.8873725104460906 -1 -0.9820773909901974
158 1 0.0 1 0.8873725104460906 -1 -0.9820773909901974
159 1 0.0 1 0.8873725104460906 -1 -0.9820773909901974
160 1 0.0 1 0.8873725104460906 -1 -0.9820773909901974
161 1 0.0 1 0.8873725104460906 -1 -0.9820773909901974
162 1 0.0 1 0.8873725104460906 -1 -0.9820773909901974
163 1 0.0 1 0.8873725104460906 -1 -0.9820773909901974
164 1 0.0 1 0.8873725104460906 -1 -0.9820773909901974
165 1 0.0 1 0.8873725104460906 -1 -0.9820773909901974
166 1 0.0 1 0.8873725104460906 -1 -0.9820773909901974
167 1 0.0 1 0.8873725104460906 -1 -0.9820773909901974
168 1 0.0 1 0.8873725104460906 -1 -0.9820773909901974
169 1 0.0 1 0.8873725104460906 -1 -0.9820773909901974
170 1 0.0 1 0.8873725104460906 -1 -0.9820773909901974
171 1 0.0 1 0.8873725104460906 -1 -0.9820773909901974
172 1 0.0 1 0.8873725104460906 -1 -0.9820773909901974
173 1 0.0 1 0.8873725104460906 -1 -0.9820773909901974
174 1 0.0 1 0.8873725104460906 -1 -0.9820773909901974
175 1 0.0 1 0.8873725104460906 -1 -0.9820773909901974
176 1 0.0 1 0.8873725104460906 -1 -0.9820773909901974
177 1 0.0 1 0.8873725104460906 -1 -0.9820773909901974
178 1 0.0 1 0.8873725104460906 -1 -0.9820773909901974
179 1 0.0 1 0.8873725104460906 -1 -0.9820773909901974
180 1 0.0 1 0.8873725104460906 -1 -0.9820773909901974
181 1 0.0 1 0.8873725104460906 -1 -0.9820773909901974
182 1 0.0 1 0.8873725104460906 -1 -0.9820773909901974
183 1 0.0 1 0.8873725104460906 -1 -0.9820773909901974
184 1 0.0 1 0.8873725104460906 -1 -0.9820773909901974
185 1 0.0 1 0.8873725104460906 -1 -0.9820773909901974
186 1 0.0 1 0.8873725104460906 -1 -0.9820773909901974
187 1 0.0 1 0.8873725104460906 -1 -0.9820773909901974
188 1 0.0 1 0.8873725104460906 -1 -0.9820773909901974
189 1 0.0 1 0.8873725104460906 -1 -0.9820773909901974
190 1 0.0 1 0.8873725104460906 -1 -0.9820773909901974
191 1 0.0 1 0.8873725104460906 -1 -0.9820773909901974
192 1 0.0 1 0.8873725104460906 -1 -0.9820773909901974
193 1 0.0 1 0.8873725104460906 -1 -0.9820773909901974
194 1 0.0 1 0.8873725104460906 -1 -0.9820773909901974
195 1 0.0 1 0.8873725104460906 -1 -0.9820773909901974
196 1 0.0 1 0.8873725104460906 -1 -0.9820773909901974
197 1 0.0 1 0.8873725104460906 -1 -0.9820773909901974
198 1 0.0 1 0.8873725104460906 -1 -0.9820773909901974
199 1 0.0 1 0.8873725104460906 -1 -0.9820773909901974
200 1 0.0 1 0.8873725104460906 -1 -0.9820773909901974
201 1 0.0 1 0.8873725104460906 -1 -0.9820773909901974
202 1 0.0 1 0.8873725104460906 -1 -0.9820773909901974
203 1 0.0 1 0.8873725104460906 -1 -0.9820773909901974
204 1 0.0 1 0.8873725104460906 -1 -0.9820773909901974
205 1 0.0 1 0.8873725104460906 -1 -0.9820773909901974
206 1 0.0 1 0.8873725104460906 -1 -0.9820773909901974
207 1 0.0 1 0.8873725104460906 -1 -0.9820773909901974
208 1 0.0 1 0.8873725104460906 -1 -0.9820773909901974
209 1 0.0 1 0.8873725104460906 -1 -0.9820773909901974
210 1 0.0 1 0.8873725104460906 -1 -0.9820773909901974
211 1 0.0 1 0.8873725104460906 -1 -0.9820773909901974
212 1 0.0 1 0.8873725104460906 -1 -0.9820773909901974
213 1 0.0 1 0.8873725104460906 -1 -0.9820773909901974
214 1 0.0 1 0.8873725104460906 -1 -0.9820773909901974
215 1 0.0 1 0.8873725104460906 -1 -0.9820773909901974
216 1 0.0 1 0.8873725104460906 -1 -0.9820773909901974
217 1 0.0 1 0.8873725104460906 -1 -0.9820773909901974
218 1 0.0 1 0.8873725104460906 -1 -0.9820773909901974
219 1 0.0 1 0.8873725104460906 -1 -0.9820773909901974
220 1 0.0 1 0.8873725104460906 -1 -0.9820773909901974
221 1 0.0 1 0.8873725104460906 -1 -0.9820773909901974
222 1 0.0 1 0.8873725104460906 -1 -0.9820773909901974
223 1 0.0 1 0.8873725104460906 -1 -0.9820773909901974
224 1 0.0 1 0.8873725104460906 -1 -0.9820773909901974
225 1 0.0 1 0.8873725104460906 -1 -0.9820773909901974
226 1 0.0 1 0.8873725104460906 -1 -0.9820773909901974
227 1 0.0 1 0.8873725104460906 -1 -0.9820773909901974
228 1 0.0 1 0.8873725104460906 -1 -0.9820773909901974
229 1 0.0 1 0.8873725104460906 -1 -0.9820773909901974
230 1 0.0 1 0.8873725104460906 -1 -0.9820773909901974
231 1 0.0 1 0.8873725104460906 -1 -0.9820773909901974
232 1 0.0 1 0.8873725104460906 -1 -0.9820773909901974
233 1 0.0 1 0.8873725104460906 -1 -0.9820773909901974
234 1 0.0 1 0.8873725104460906 -1 -0.9820773909901974
235 1 0.0 1 0.8873725104460906 -1 -0.9820773909901974
236 1 0.0 1 0.8873725104460906 -1 -0.9820773909901974
237 1 0.0 1 0.8873725104460906 -1 -0.9820773909901974
238 1 0.0 1 0.8873725104460906 -1 -0.9820773909901974
239 1 0.0 1 0.8873725104460906 -1 -0.9820773909901974
240 1 0.0 1 0.8873725104460906 -1 -0.9820773909901974
241 1 0.0 1 0.8873725104460906 -1 -0.9820773909901974
242 1 0.0 1 0.8873725104460906 -1 -0.9820773909901974
243 1 0.0 1 0.8873725104460906 -1 -0.9820773909901974
244 1 0.0 1 0.8873725104460906 -1 -0.9820773909901974
245 1 0.0 1 0.8873725104460906 -1 -0.9820773909901974
246 1 0.0 1 0.8873725104460906 -1 -0.9820773909901974
247 1 0.0 1 0.8873725104460906 -1 -0.9820773909901974
248 1 0.0 1 0.8873725104460906 -1 -0.9820773909901974
249 1 0.0 1 0.8873725104460906 -1 -0.9820773909901974
250 1 0.0 1 0.8873725104460906 -1 -0.9820773909901974
251 1 0.0 1 0.8873725104460906 -1 -0.9820773909901974
252 1 0.0 1 0.8873725104460906 -1 -0.9820773909901974
253 1 0.0 1 0.8873725104460906 -1 -0.9820773909901974
254 1 0.0 1 0.8873725104460906 -1 -0.9820773909901974
255 1 0.0 1 0.8873725104460906 -1 -0.9820773909901974
256 1 0.0 1 0.8873725104460906 -1 -0.9820773909901974
257 1 0.0 1 0.8873725104460906 -1 -0.9820773909901974
258 1 0.0 1 0.8873725104460906 -1 -0.9820773909901974
259 1 0.0 1 0.8873725104460906 -1 -0.9820773909901974
260 1 0.0 1 0.8873725104460906 -1 -0.9820773909901974
261 1 0.0 1 0.8873725104460906 -1 -0.9820773909901974
262 1 0.0 1 0.8873725104460906 -1 -0.9820773909901974
263 1 0.0 1 0.8873725104460906 -1 -0.9820773909901974
264 1 0.0 1 0.8873725104460906 -1 -0.9820773909901974
265 1 0.0 1 0.8873725104460906 -1 -0.9820773909901974
266 1 0.0 1 0.8873725104460906 -1 -0.9820773909901974
267 1 0.0 1 0.8873725104460906 -1 -0.9820773909901974
268 1 0.0 1 0.8873725104460906 -1 -0.9820773909901974
269 1 0.0 1 0.8873725104460906 -1 -0.9820773909901974
270 1 0.0 1 0.8873725104460906 -1 -0.9820773909901974
271 1 0.0 1 0.8873725104460906 -1 -0.9820773909901974
272 1 0.0 1 0.8873725104460906 -1 -0.9820773909901974
273 1 0.0 1 0.8873725104460906 -1 -0.9820773909901974
274 1 0.0 1 0.8873725104460906 -1 -0.9820773909901974
275 1 0.0 1 0.8873725104460906 -1 -0.9820773909901974
276 1 0.0 1 0.8873725104460906 -1 -0.9820773909901974
277 1 0.0 1 0.8873725104460906 -1 -0.9820773909901974
278 1 0.0 1 0.8873725104460906 -1 -0.9820773909901974
279 1 0.0 1 0.8873725104460906 -1 -0.9820773909901974
280 1 0.0 1 0.8873725104460906 -1 -0.9820773909901974
281 1 0.0 1 0.8873725104460906 -1 -0.9820773909901974
282 1 0.0 1 0.8873725104460906 -1 -0.9820773909901974
283 1 0.0 1 0.8873725104460906 -1 -0.9820773909901974
284 1 0.0 1 0.8873725104460906 -1 -0.9820773909901974
285 1 0.0 1 0.8873725104460906 -1 -0.9820773909901974
286 1 0.0 1 0.8873725104460906 -1 -0.9820773909901974
287 1 0.0 1 0.8873725104460906 -1 -0.9820773909901974
288 1 0.0 1 0.8873725104460906 -1 -0.9820773909901974
289 1 0.0 1 0.8873725104460906 -1 -0.9820773909901974
290 1 0.0 1 0.8873725104460906 -1 -0.9820773909901974
291 1 0.0 1 0.8873725104460906 -1 -0.9820773909901974
292 1 0.0 1 0.8873725104460906 -1 -0.9820773909901974
293 1 0.0 1 0.8873725104460906 -1 -0.9820773909901974
294 1 0.0 1 0.8873725104460906 -1 -0.9820773909901974
295 1 0.0 1 0.8873725104460906 -1 -0.9820773909901974
296 1 0.0 1 0.8873725104460906 -1 -0.9820773909901974
297 1 0.0 1 0.8873725104460906 -1 -0.9820773909901974
298 1 0.0 1 0.8873725104460906 -1 -0.9820773909901974
299 1 0.0 1 0.8873725104460906 -1 -0.9820773909901974
300 1 0.0 1 0.8873725104460906 -1 -0.9820773909901974
301 1 0.0 1 0.8873725104460906 -1 -0.9820773909901974
302 1 0.0 1 0.8873725104460906 -1 -0.9820773909901974
303 1 0.0 1 0.8873725104460906 -1 -0.9820773909901974
304 1 0.0 1 0.8873725104460906 -1 -0.9820773909901974
305 1 0.0 1 0.8873725104460906 -1 -0.9820773909901974
306 1 0.0 1 0.8873725104460906 -1 -0.9820773909901974
307 1 0.0 1 0.8873725104460906 -1 -0.9820773909901974
308 1 0.0 1 0.8873725104460906 -1 -0.9820773909901974
309 1 0.0 1 0.8873725104460906 -1 -0.9820773909901974
310 1 0.0 1 0.8873725104460906 -1 -0.9820773909901974
311 1 0.0 1 0.8873725104460906 -1 -0.9820773909901974
312 1 0.0 1 0.8873725104460906 -1 -0.9820773909901974
313 1 0.0 1 0.8873725104460906 -1 -0.9820773909901974
314 1 0.0 1 0.8873725104460906 -1 -0.9820773909901974
315 1 0.0 1 0.8873725104460906 -1 -0.9820773909901974
316 1 0.0 1 0.8873725104460906 -1 -0.9820773909901974
317 1 0.0 1 0.8873725104460906 -1 -0.9820773909901974
318 1 0.0 1 0.8873725104460906 -1 -0.9820773909901974
319 1 0.0 1 0.8873725104460906 -1 -0.9820773909901974
320 1 0.0 1 0.8873725104460906 -1 -0.9820773909901974
321 1 0.0 1 0.8873725104460906 -1 -0.9820773909901974
322 1 0.0 1 0.8873725104460906 -1 -0.9820773909901974
323 1 0.0 1 0.8873725104460906 -1 -0.9820773909901974
324 1 0.0 1 0.8873725104460906 -1 -0.9820773909901974
325 1 0.0 1 0.8873725104460906 -1 -0.9820773909901974
326 1 0.0 1 0.8873725104460906 -1 -0.9820773909901974
327 1 0.0 1 0.8873725104460906 -1 -0.9820773909901974
328 1 0.0 1 0.8873725104460906 -1 -0.9820773909901974
329 1 0.0 1 0.8873725104460906 -1 -0.9820773909901974
330 1 0.0 1 0.8873725104460906 -1 -0.9820773909901974
331 1 0.0 1 0.8873725104460906 -1 -0.9820773909901974
332 1 0.0 1 0.8873725104460906 -1 -0.9820773909901974
333 1 0.0 1 0.8873725104460906 -1 -0.9820773909901974
334 1 0.0 1 0.8873725104460906 -1 -0.9820773909901974
335 1 0.0 1 0.8873725104460906 -1 -0.9820773909901974
336 1 0.0 1 0.8873725104460906 -1 -0.9820773909901974
337 1 0.0 1 0.8873725104460906 -1 -0.9820773909901974
338 1 0.0 1 0.8873725104460906 -1 -0.9820773909901974
339 1 0.0 1 0.8873725104460906 -1 -0.9820773909901974
340 1 0.0 1 0.8873725104460906 -1 -0.9820773909901974
341 1 0.0 1 0.8873725104460906 -1 -0.9820773909901974
342 1 0.0 1 0.8873725104460906 -1 -0.9820773909901974
343 1 0.0 1 0.8873725104460906 -1 -0.9820773909901974
344 1 0.0 1 0.8873725104460906 -1 -0.9820773909901974
345 1 0.0 1 0.8873725104460906 -1 -0.9820773909901974
346 1 0.0 1 0.8873725104460906 -1 -0.9820773909901974
347 1 0.0 1 0.8873725104460906 -1 -0.9820773909901974
348 1 0.0 1 0.8873725104460906 -1 -0.9820773909901974
349 1 0.0 1 0.8873725104460906 -1 -0.9820773909901974
350 1 0.0 1 0.8873725104460906 -1 -0.9820773909901974
351 1 0.0 1 0.8873725104460906 -1 -0.9820773909901974
352 1 0.0 1 0.8873725104460906 -1 -0.9820773909901974
353 1 0.0 1 0.8873725104460906 -1 -0.9820773909901974
354 1 0.0 1 0.8873725104460906 -1 -0.9820773909901974
355 1 0.0 1 0.8873725104460906 -1 -0.9820773909901974
356 1 0.0 1 0.8873725104460906 -1 -0.9820773909901974
357 1 0.0 1 0.8873725104460906 -1 -0.9820773909901974
358 1 0.0 1 0.8873725104460906 -1 -0.9820773909901974
359 1 0.0 1 0.8873725104460906 -1 -0.9820773909901974
360 1 0.0 1 0.8873725104460906 -1 -0.9820773909901974
361 1 0.0 1 0.8873725104460906 -1 -0.9820773909901974
362 1 0.0 1 0.8873725104460906 -1 -0.9820773909901974
363 1 0.0 1 0.8873725104460906 -1 -0.9820773909901974
364 1 0.0 1 0.8873725104460906 -1 -0.9820773909901974
365 1 0.0 1 0.8873725104460906 -1 -0.9820773909901974
366 1 0.0 1 0.8873725104460906 -1 -0.9820773909901974
367 1 0.0 1 0.8873725104460906 -1 -0.9820773909901974
368 1 0.0 1 0.8873725104460906 -1 -0.9820773909901974
369 1 0.0 1 0.8873725104460906 -1 -0.9820773909901974
370 1 0.0 1 0.8873725104460906 -1 -0.9820773909901974
371 1 0.0 1 0.8873725104460906 -1 -0.9820773909901974
372 1 0.0 1 0.8873725104460906 -1 -0.9820773909901974
373 1 0.0 1 0.8873725104460906 -1 -0.9820773909901974
374 1 0.0 1 0.8873725104460906 -1 -0.9820773909901974
375 1 0.0 1 0.8873725104460906 -1 -0.9820773909901974
376 1 0.0 1 0.8873725104460906 -1 -0.9820773909901974
377 1 0.0 1 0.8873725104460906 -1 -0.9820773909901974
378 1 0.0 1 0.8873725104460906 -1 -0.9820773909901974
379 1 0.0 1 0.8873725104460906 -1 -0.9820773909901974
380 1 0.0 1 0.8873725104460906 -1 -0.9820773909901974
381 1 0.0 1 0.8873725104460906 -1 -0.9820773909901974
382 1 0.0 1 0.8873725104460906 -1 -0.9820773909901974
383 1 0.0 1 0.8873725104460906 -1 -0.9820773909901974
384 1 0.0 1 0.8873725104460906 -1 -0.9820773909901974
385 1 0.0 1 0.8873725104460906 -1 -0.9820773909901974
386 1 0.0 1 0.8873725104460906 -1 -0.9820773909901974
387 1 0.0 1 0.8873725104460906 -1 -0.9820773909901974
388 1 0.0 1 0.8873725104460906 -1 -0.9820773909901974
389 1 0.0 1 0.8873725104460906 -1 -0.9820773909901974
390 1 0.0 1 0.8873725104460906 -1 -0.9820773909901974
391 1 0.0 1 0.8873725104460906 -1 -0.9820773909901974
392 1 0.0 1 0.8873725104460906 -1 -0.9820773909901974
393 1 0.0 1 0.8873725104460906 -1 -0.9820773909901974
394 1 0.0 1 0.8873725104460906 -1 -0.9820773909901974
395 1 0.0 1 0.8873725104460906 -1 -0.9820773909901974
396 1 0.0 1 0.8873725104460906 -1 -0.9820773909901974
397 1 0.0 1 0.8873725104460906 -1 -0.9820773909901974
398 1 0.0 1 0.8873725104460906 -1 -0.9820773909901974
399 1 0.0 1 0.8873725104460906 -1 -0.9820773909901974
400 1 0.0 1 0.8873725104460906 -1 -0.9820773909901974
401 1 0.0 1 0.8873725104460906 -1 -0.9820773909901974
402 1 0.0 1 0.8873725104460906 -1 -0.9820773909901974
403 1 0.0 1 0.8873725104460906 -1 -0.9820773909901974
404 1 0.0 1 0.8873725104460906 -1 -0.9820773909901974
405 1 0.0 1 0.8873725104460906 -1 -0.9820773909901974
406 1 0.0 1 0.8873725104460906 -1 -0.9820773909901974
407 1 0.0 1 0.8873725104460906 -1 -0.9820773909901974
408 1 0.0 1 0.8873725104460906 -1 -0.9820773909901974
409 1 0.0 1 0.8873725104460906 -1 -0.9820773909901974
410 1 0.0 1 0.8873725104460906 -1 -0.9820773909901974
411 1 0.0 1 0.8873725104460906 -1 -0.9820773909901974
412 1 0.0 1 0.8873725104460906 -1 -0.9820773909901974
413 1 0.0 1 0.8873725104460906 -1 -0.9820773909901974
414 1 0.0 1 0.8873725104460906 -1 -0.9820773909901974
415 1 0.0 1 0.8873725104460906 -1 -0.9820773909901974
416 1 0.0 1 0.8873725104460906 -1 -0.9820773909901974
417 1 0.0 1 0.8873725104460906 -1 -0.9820773909901974
418 1 0.0 1 0.8873725104460906 -1 -0.9820773909901974
419 1 0.0 1 0.8873725104460906 -1 -0.9820773909901974
420 1 0.0 1 0.8873725104460906 -1 -0.9820773909901974
421 1 0.0 1 0.8873725104460906 -1 -0.9820773909901974
422 1 0.0 1 0.8873725104460906 -1 -0.9820773909901974
423 1 0.0 1 0.8873725104460906 -1 -0.9820773909901974
424 1 0.0 1 0.8873725104460906 -1 -0.9820773909901974
425 1 0.0 1 0.8873725104460906 -1 -0.9820773909901974
426 1 0.0 1 0.8873725104460906 -1 -0.9820773909901974
427 1 0.0 1 0.8873725104460906 -1 -0.9820773909901974
428 1 0.0 1 0.8873725104460906 -1 -0.9820773909901974
429 1 0.0 1 0.8873725104460906 -1 -0.9820773909901974
430 1 0.0 1 0.8873725104460906 -1 -0.9820773909901974
431 1 0.0 1 0.8873725104460906 -1 -0.9820773909901974
432 1 0.0 1 0.8873725104460906 -1 -0.9820773909901974
433 1 0.0 1 0.8873725104460906 -1 -0.9820773909901974
434 1 0.0 1 0.8873725104460906 -1 -0.9820773909901974
435 1 0.0 1 0.8873725104460906 -1 -0.9820773909901974
436 1 0.0 1 0.8873725104460906 -1 -0.9820773909901974
437 1 0.0 1 0.8873725104460906 -1 -0.9820773909901974
438 1 0.0 1 0.8873725104460906 -1 -0.9820773909901974
439 1 0.0 1 0.8873725104460906 -1 -0.9820773909901974
440 1 0.0 1 0.8873725104460906 -1 -0.9820773909901974
441 1 0.0 1 0.8873725104460906 -1 -0.9820773909901974
442 1 0.0 1 0.8873725104460906 -1 -0.9820773909901974
443 1 0.0 1 0.8873725104460906 -1 -0.9820773909901974
444 1 0.0 1 0.8873725104460906 -1 -0.9820773909901974
445 1 0.0 1 0.8873725104460906 -1 -0.9820773909901974
446 1 0.0 1 0.8873725104460906 -1 -0.9820773909901974
447 1 0.0 1 0.8873725104460906 -1 -0.9820773909901974
448 1 0.0 1 0.8873725104460906 -1 -0.9820773909901974
449 1 0.0 1 0.8873725104460906 -1 -0.9820773909901974
450 1 0.0 1 0.8873725104460906 -1 -0.9820773909901974
451 1 0.0 1 0.8873725104460906 -1 -0.9820773909901974
452 1 0.0 1 0.8873725104460906 -1 -0.9820773909901974
453 1 0.0 1 0.8873725104460906 -1 -0.9820773909901974
454 1 0.0 1 0.8873725104460906 -1 -0.9820773909901974
455 1 0.0 1 0.8873725104460906 -1 -0.9820773909901974
456 1 0.0 1 0.8873725104460906 -1 -0.9820773909901974
457 1 0.0 1 0.8873725104460906 -1 -0.9820773909901974
458 1 0.0 1 0.8873725104460906 -1 -0.9820773909901974
459 1 0.0 1 0.8873725104460906 -1 -0.9820773909901974
460 1 0.0 1 0.8873725104460906 -1 -0.9820773909901974
461 1 0.0 1 0.8873725104460906 -1 -0.9820773909901974
462 1 0.0 1 0.8873725104460906 -1 -0.9820773909901974
463 1 0.0 1 0.8873725104460906 -1 -0.9820773909901974
464 1 0.0 1 0.8873725104460906 -1 -0.9820773909901974
465 1 0.0 1 0.8873725104460906 -1 -0.9820773909901974
466 1 0.0 1 0.8873725104460906 -1 -0.9820773909901974
467 1 0.0 1 0.8873725104460906 -1 -0.9820773909901974
468 1 0.0 1 0.8873725104460906 -1 -0.9820773909901974
469 1 0.0 1 0.8873725104460906 -1 -0.9820773909901974
470 1 0.0 1 0.8873725104460906 -1 -0.9820773909901974
471 1 0.0 1 0.8873725104460906 -1 -0.9820773909901974
472 1 0.0 1 0.8873725104460906 -1 -0.9820773909901974
473 1 0.0 1 0.8873725104460906 -1 -0.9820773909901974
474 1 0.0 1 0.8873725104460906 -1 -0.9820773909901974
475 1 0.0 1 0.8873725104460906 -1 -0.9820773909901974
476 1 0.0 1 0.8873725104460906 -1 -0.9820773909901974
477 1 0.0 1 0.8873725104460906 -1 -0.9820773909901974
478 1 0.0 1 0.8873725104460906 -1 -0.9820773909901974
479 1 0.0 1 0.8873725104460906 -1 -0.9820773909901974
480 1 0.0 1 0.8873725104460906 -1 -0.9820773909901974
481 1 0.0 1 0.8873725104460906 -1 -0.9820773909901974
482 1 0.0 1 0.8873725104460906 -1 -0.9820773909901974
483 1 0.0 1 0.8873725104460906 -1 -0.9820773909901974
484 1 0.0 1 0.8873725104460906 -1 -0.9820773909901974
485 1 0.0 1 0.8873725104460906 -1 -0.9820773909901974
486 1 0.0 1 0.8873725104460906 -1 -0.9820773909901974
487 1 0.0 1 0.8873725104460906 -1 -0.9820773909901974
488 1 0.0 1 0.8873725104460906 -1 -0.9820773909901974
489 1 0.0 1 0.8873725104460906 -1 -0.9820773909901974
490 1 0.0 1 0.8873725104460906 -1 -0.9820773909901974
491 1 0.0 1 0.8873725104460906 -1 -0.9820773909901974
492 1 0.0 1 0.8873725104460906 -1 -0.9820773909901974
493 1 0.0 1 0.8873725104460906 -1 -0.9820773909901974
494 1 0.0 1 0.8873725104460906 -1 -0.9820773909901974
495 1 0.0 1 0.8873725104460906 -1 -0.9820773909901974
496 1 0.0 1 0.8873725104460906 -1 -0.9820773909901974
497 1 0.0 1 0.8873725104460906 -1 -0.9820773909901974
498 1 0.0 1 0.8873725104460906 -1 -0.9820773909901974
499 1 0.0 1 0.8873725104460906 -1 -0.9820773909901974
500 1 0.0 1 0.8873725104460906 -1 -0.9820773909901974
501 1 0.0 1 0.8873725104460906 -1 -0.9820773909901974
502 1 0.0 1 0.8873725104460906 -1 -0.9820773909901974
503 1 0.0 1 0.8873725104460906 -1 -0.9820773909901974
504 1 0.0 1 0.8873725104460906 -1 -0.9820773909901974
505 1 0.0 1 0.8873725104460906 -1 -0.9820773909901974
506 1 0.0 1 0.8873725104460906 -1 -0.9820773909901974
507 1 0.0 1 0.8873725104460906 -1 -0.9820773909901974
508 1 0.0 1 0.8873725104460906 -1 -0.9820773909901974
509 1 0.0 1 0.8873725104460906 -1 -0.9820773909901974
510 1 0.0 1 0.8873725104460906 -1 -0.9820773909901974
511 1 0.0 1 0.8873725104460906 -1 -0.9820773909901974
512 1 0.0 1 0.8873725104460906 -1 -0.9820773909901974
513 1 0.0 1 0.8873725104460906 -1 -0.9820773909901974
514 1 0.0 1 0.8873725104460906 -1 -0.9820773909901974
515 1 0.0 1 0.8873725104460906 -1 -0.9820773909901974
516 1 0.0 1 0.8873725104460906 -1 -0.9820773909901974
517 1 0.0 1 0.8873725104460906 -1 -0.9820773909901974
518 1 0.0 1 0.8873725104460906 -1 -0.9820773909901974
519 1 0.0 1 0.8873725104460906 -1 -0.9820773909901974
520 1 0.0 1 0.8873725104460906 -1 -0.9820773909901974
521 1 0.0 1 0.8873725104460906 -1 -0.9820773909901974
522 1 0.0 1 0.8873725104460906 -1 -0.9820773909901974
523 1 0.0 1 0.8873725104460906 -1 -0.9820773909901974
524 1 0.0 1 0.8873725104460906 -1 -0.9820773909901974
525 1 0.0 1 0.8873725104460906 -1 -0.9820773909901974
526 1 0.0 1 0.8873725104460906 -1 -0.9820773909901974
527 1 0.0 1 0.8873725104460906 -1 -0.9820773909901974
528 1 0.0 1 0.8873725104460906 -1 -0.9820773909901974
529 1 0.0 1 0.8873725104460906 -1 -0.9820773909901974
530 1 0.0 1 0.8873725104460906 -1 -0.9820773909901974
531 1 0.0 1 0.8873725104460906 -1 -0.9820773909901974
532 1 0.0 1 0.8873725104460906 -1 -0.9820773909901974
533 1 0.0 1 0.8873725104460906 -1 -0.9820773909901974
534 1 0.0 1 0.8873725104460906 -1 -0.9820773909901974
535 1 0.0 1 0.8873725104460906 -1 -0.9820773909901974
536 1 0.0 1 0.8873725104460906 -1 -0.9820773909901974
537 1 0.0 1 0.8873725104460906 -1 -0.9820773909901974
538 1 0.0 1 0.8873725104460906 -1 -0.9820773909901974
539 1 0.0 1 0.8873725104460906 -1 -0.9820773909901974
540 1 0.0 1 0.8873725104460906 -1 -0.9820773909901974
541 1 0.0 1 0.8873725104460906 -1 -0.9820773909901974
542 1 0.0 1 0.8873725104460906 -1 -0.9820773909901974
543 1 0.0 1 0.8873725104460906 -1 -0.9820773909901974
544 1 0.0 1 0.8873725104460906 -1 -0.9820773909901974
545 1 0.0 1 0.8873725104460906 -1 -0.9820773909901974
546 1 0.0 1 0.8873725104460906 -1 -0.9820773909901974
547 1 0.0 1 0.8873725104460906 -1 -0.9820773909901974
548 1 0.0 1 0.8873725104460906 -1 -0.9820773909901974
549 1 0.0 1 0.8873725104460906 -1 -0.9820773909901974
550 1 0.0 1 0.8873725104460906 -1 -0.9820773909901974
551 1 0.0 1 0.8873725104460906 -1 -0.9820773909901974
552 1 0.0 1 0.8873725104460906 -1 -0.9820773909901974
553 1 0.0 1 0.8873725104460906 -1 -0.9820773909901974
554 1 0.0 1 0.8873725104460906 -1 -0.9820773909901974
555 1 0.0 1 0.8873725104460906 -1 -0.9820773909901974
556 1 0.0 1 0.8873725104460906 -1 -0.9820773909901974
557 1 0.0 1 0.8873725104460906 -1 -0.9820773909901974
558 1 0.0 1 0.8873725104460906 -1 -0.9820773909901974
559 1 0.0 1 0.8873725104460906 -1 -0.9820773909901974
560 1 0.0 1 0.8873725104460906 -1 -0.9820773909901974
561 1 0.0 1 0.8873725104460906 -1 -0.9820773909901974
562 1 0.0 1 0.8873725104460906 -1 -0.9820773909901974
563 1 0.0 1 0.8873725104460906 -1 -0.9820773909901974
564 1 0.0 1 0.8873725104460906 -1 -0.9820773909901974
565 1 0.0 1 0.8873725104460906 -1 -0.9820773909901974
566 1 0.0 1 0.8873725104460906 -1 -0.9820773909901974
567 1 0.0 1 0.8873725104460906 -1 -0.9820773909901974
568 1 0.0 1 0.8873725104460906 -1 -0.9820773909901974
569 1 0.0 1 0.8873725104460906 -1 -0.9820773909901974
570 1 0.0 1 0.8873725104460906 -1 -0.9820773909901974
571 1 0.0 1 0.8873725104460906 -1 -0.9820773909901974
572 1 0.0 1 0.8873725104460906 -1 -0.9820773909901974
573 1 0.0 1 0.8873725104460906 -1 -0.9820773909901974
574 1 0.0 1 0.8873725104460906 -1 -0.9820773909901974
575 1 0.0 1 0.8873725104460906 -1 -0.9820773909901974
576 1 0.0 1 0.8873725104460906 -1 -0.9820773909901974
577 1 0.0 1 0.8873725104460906 -1 -0.9820773909901974
578 1 0.0 1 0.8873725104460906 -1 -0.9820773909901974
579 1 0.0 1 0.8873725104460906 -1 -0.9820773909901974
580 1 0.0 1 0.8873725104460906 -1 -0.9820773909901974
581 1 0.0 1 0.8873725104460906 -1 -0.9820773909901974
582 1 0.0 1 0.8873725104460906 -1 -0.9820773909901974
583 1 0.0 1 0.8873725104460906 -1 -0.9820773909901974
584 1 0.0 1 0.8873725104460906 -1 -0.9820773909901974
585 1 0.0 1 0.8873725104460906 -1 -0.9820773909901974
586 1 0.0 1 0.8873725104460906 -1 -0.9820773909901974
587 1 0.0 1 0.8873725104460906 -1 -0.9820773909901974
588 1 0.0 1 0.8873725104460906 -1 -0.9820773909901974
589 1 0.0 1 0.8873725104460906 -1 -0.9820773909901974
590 1 0.0 1 0.8873725104460906 -1 -0.9820773909901974
591 1 0.0 1 0.8873725104460906 -1 -0.9820773909901974
592 1 0.0 1 0.8873725104460906 -1 -0.9820773909901974
593 1 0.0 1 0.8873725104460906 -1 -0.9820773909901974
594 1 0.0 1 0.8873725104460906 -1 -0.9820773909901974
595 1 0.0 1 0.8873725104460906 -1 -0.9820773909901974
596 1 0.0 1 0.8873725104460906 -1 -0.9820773909901974
597 1 0.0 1 0.8873725104460906 -1 -0.9820773909901974
598 1 0.0 1 0.8873725104460906 -1 -0.9820773909901974
599 1 0.0 1 0.8873725104460906 -1 -0.9820773909901974
600 1 0.0 1 0.8873725104460906 -1 -0.9820773909901974
601 1 0.0 1 0.8873725104460906 -1 -0.9820773909901974
602 1 0.0 1 0.8873725104460906 -1 -0.9820773909901974
603 1 0.0 1 0.8873725104460906 -1 -0.9820773909901974
604 1 0.0 1 0.8873725104460906 -1 -0.9820773909901974
605 1 0.0 1 0.8873725104460906 -1 -0.9820773909901974
606 1 0.0 1 0.8873725104460906 -1 -0.9820773909901974
607 1 0.0 1 0.8873725104460906 -1 -0.9820773909901974
608 1 0.0 1 0.8873725104460906 -1 -0.9820773909901974
609 1 0.0 1 0.8873725104460906 -1 -0.9820773909901974
610 1 0.0 1 0.8873725104460906 -1 -0.9820773909901974
611 1 0.0 1 0.8873725104460906 -1 -0.9820773909901974
612 1 0.0 1 0.8873725104460906 -1 -0.9820773909901974
613 1 0.0 1 0.8873725104460906 -1 -0.9820773909901974
614 1 0.0 1 0.8873725104460906 -1 -0.9820773909901974
615 1 0.0 1 0.8873725104460906 -1 -0.9820773909901974
616 1 0.0 1 0.8873725104460906 -1 -0.9820773909901974
617 1 0.0 1 0.8873725104460906 -1 -0.9820773909901974
618 1 0.0 1 0.8873725104460906 -1 -0.9820773909901974
619 1 0.0 1 0.8873725104460906 -1 -0.9820773909901974
620 1 0.0 1 0.8873725104460906 -1 -0.9820773909901974
621 1 0.0 1 0.8873725104460906 -1 -0.9820773909901974
622 1 0.0 1 0.8873725104460906 -1 -0.9820773909901974
623 1 0.0 1 0.8873725104460906 -1 -0.9820773909901974
624 1 0.0 1 0.8873725104460906 -1 -0.9820773909901974
625 1 0.0 1 0.8873725104460906 -1 -0.9820773909901974
626 1 0.0 1 0.8873725104460906 -1 -0.9820773909901974
627 1 0.0 1 0.8873725104460906 -1 -0.9820773909901974
628 1 0.0 1 0.8873725104460906 -1 -0.9820773909901974
629 1 0.0 1 0.8873725104460906 -1 -0.9820773909901974
630 1 0.0 1 0.8873725104460906 -1 -0.9820773909901974
631 1 0.0 1 0.8873725104460906 -1 -0.9820773909901974
632 1 0.0 1 0.8873725104460906 -1 -0.9820773909901974
633 1 0.0 1 0.8873725104460906 -1 -0.9820773909901974
634 1 0.0 1 0.8873725104460906 -1 -0.9820773909901974
635 1 0.0 1 0.8873725104460906 -1 -0.9820773909901974
636 1 0.0 1 0.8873725104460906 -1 -0.9820773909901974
637 1 0.0 1 0.8873725104460906 -1 -0.9820773909901974
638 1 0.0 1 0.8873725104460906 -1 -0.9820773909901974
639 1 0.0 1 0.8873725104460906 -1 -0.9820773909901974
640 1 0.0 1 0.8873725104460906 -1 -0.9820773909901974
641 1 0.0 1 0.8873725104460906 -1 -0.9820773909901974
642 1 0.0 1 0.8873725104460906 -1 -0.9820773909901974
643 1 0.0 1 0.8873725104460906 -1 -0.9820773909901974
644 1 0.0 1 0.8873725104460906 -1 -0.9820773909901974
645 1 0.0 1 0.8873725104460906 -1 -0.9820773909901974
646 1 0.0 1 0.8873725104460906 -1 -0.9820773909901974
647 1 0.0 1 0.8873725104460906 -1 -0.9820773909901974
648 1 0.0 1 0.8873725104460906 -1 -0.9820773909901974
649 1 0.0 1 0.8873725104460906 -1 -0.9820773909901974
650 1 0.0 1 0.8873725104460906 -1 -0.9820773909901974
651 1 0.0 1 0.8873725104460906 -1 -0.9820773909901974
652 1 0.0 1 0.8873725104460906 -1 -0.9820773909901974
653 1 0.0 1 0.8873725104460906 -1 -0.9820773909901974
654 1 0.0 1 0.8873725104460906 -1 -0.9820773909901974
655 1 0.0 1 0.8873725104460906 -1 -0.9820773909901974
656 1 0.0 1 0.8873725104460906 -1 -0.9820773909901974
657 1 0.0 1 0.8873725104460906 -1 -0.9820773909901974
658 1 0.0 1 0.8873725104460906 -1 -0.9820773909901974
659 1 0.0 1 0.8873725104460906 -1 -0.9820773909901974
660 1 0.0 1 0.8873725104460906 -1 -0.9820773909901974
661 1 0.0 1 0.8873725104460906 -1 -0.9820773909901974
662 1 0.0 1 0.8873725104460906 -1 -0.9820773909901974
663 1 0.0 1 0.8873725104460906 -1 -0.9820773909901974
664 1 0.0 1 0.8873725104460906 -1 -0.9820773909901974
665 1 0.0 1 0.8873725104460906 -1 -0.9820773909901974
666 1 0.0 1 0.8873725104460906 -1 -0.9820773909901974
667 1 0.0 1 0.8873725104460906 -1 -0.9820773909901974
668 1 0.0 1 0.8873725104460906 -1 -0.9820773909901974
669 1 0.0 1 0.8873725104460906 -1 -0.9820773909901974
670 1 0.0 1 0.8873725104460906 -1 -0.9820773909901974
671 1 0.0 1 0.8873725104460906 -1 -0.9820773909901974
672 1 0.0 1 0.8873725104460906 -1 -0.9820773909901974
673 1 0.0 1 0.8873725104460906 -1 -0.9820773909901974
674 1 0.0 1 0.8873725104460906 -1 -0.9820773909901974
675 1 0.0 1 0.8873725104460906 -1 -0.9820773909901974
676 1 0.0 1 0.8873725104460906 -1 -0.9820773909901974
677 1 0.0 1 0.8873725104460906 -1 -0.9820773909901974
678 1 0.0 1 0.8873725104460906 -1 -0.9820773909901974
679 1 0.0 1 0.8873725104460906 -1 -0.9820773909901974
680 1 0.0 1 0.8873725104460906 -1 -0.9820773909901974
681 1 0.0 1 0.8873725104460906 -1 -0.9820773909901974
682 1 0.0 1 0.8873725104460906 -1 -0.9820773909901974
683 1 0.0 1 0.8873725104460906 -1 -0.9820773909901974
684 1 0.0 1 0.8873725104460906 -1 -0.9820773909901974
685 1 0.0 1 0.8873725104460906 -1 -0.9820773909901974
686 1 0.0 1 0.8873725104460906 -1 -0.9820773909901974
687 1 0.0 1 0.8873725104460906 -1 -0.9820773909901974
688 1 0.0 1 0.8873725104460906 -1 -0.9820773909901974
689 1 0.0 1 0.8873725104460906 -1 -0.9820773909901974
690 1 0.0 1 0.8873725104460906 -1 -0.9820773909901974
691 1 0.0 1 0.8873725104460906 -1 -0.9820773909901974
692 1 0.0 1 0.8873725104460906 -1 -0.9820773909901974
693 1 0.0 1 0.8873725104460906 -1 -0.9820773909901974
694 1 0.0 1 0.8873725104460906 -1 -0.9820773909901974
695 1 0.0 1 0.8873725104460906 -1 -0.9820773909901974
696 1 0.0 1 0.8873725104460906 -1 -0.9820773909901974
697 1 0.0 1 0.8873725104460906 -1 -0.9820773909901974
698 1 0.0 1 0.8873725104460906 -1 -0.9820773909901974
699 1 0.0 1 0.8873725104460906 -1 -0.9820773909901974
700 1 0.0 1 0.8873725104460906 -1 -0.9820773909901974
701 1 0.0 1 0.8873725104460906 -1 -0.9820773909901974
702 1 0.0 1 0.8873725104460906 -1 -0.9820773909901974
703 1 0.0 1 0.8873725104460906 -1 -0.9820773909901974
704 1 0.0 1 0.8873725104460906 -1 -0.9820773909901974
705 1 0.0 1 0.8873725104460906 -1 -0.9820773909901974
706 1 0.0 1 0.8873725104460906 -1 -0.9820773909901974
707 1 0.0 1 0.8873725104460906 -1 -0.9820773909901974
708 1 0.0 1 0.8873725104460906 -1 -0.9820773909901974
709 1 0.0 1 0.8873725104460906 -1 -0.9820773909901974
710 1 0.0 1 0.8873725104460906 -1 -0.9820773909901974
711 1 0.0 1 0.8873725104460906 -1 -0.9820773909901974
712 1 0.0 1 0.8873725104460906 -1 -0.9820773909901974
713 1 0.0 1 0.8873725104460906 -1 -0.9820773909901974
714 1 0.0 1 0.8873725104460906 -1 -0.9820773909901974
715 1 0.0 1 0.8873725104460906 -1 -0.9820773909901974
716 1 0.0 1 0.8873725104460906 -1 -0.9820773909901974
717 1 0.0 1 0.8873725104460906 -1 -0.9820773909901974
718 1 0.0 1 0.8873725104460906 -1 -0.9820773909901974
719 1 0.0 1 0.8873725104460906 -1 -0.9820773909901974
720 1 0.0 1 0.8873725104460906 -1 -0.9820773909901974
721 1 0.0 1 0.8873725104460906 -1 -0.9820773909901974
722 1 0.0 1 0.8873725104460906 -1 -0.9820773909901974
723 1 0.0 1 0.8873725104460906 -1 -0.9820773909901974
724 1 0.0 1 0.8873725104460906 -1 -0.9820773909901974
725 1 0.0 1 0.8873725104460906 -1 -0.9820773909901974
726 1 0.0 1 0.8873725104460906 -1 -0.9820773909901974
727 1 0.0 1 0.8873725104460906 -1 -0.9820773909901974
728 1 0.0 1 0.8873725104460906 -1 -0.9820773909901974
729 1 0.0 1 0.8873725104460906 -1 -0.9820773909901974
730 1 0.0 1 0.8873725104460906 -1 -0.9820773909901974
731 1 0.0 1 0.8873725104460906 -1 -0.9820773909901974
732 1 0.0 1 0.8873725104460906 -1 -0.9820773909901974
733 1 0.0 1 0.8873725104460906 -1 -0.9820773909901974
734 1 0.0 1 0.8873725104460906 -1 -0.9820773909901974
735 1 0.0 1 0.8873725104460906 -1 -0.9820773909901974
736 1 0.0 1 0.8873725104460906 -1 -0.9820773909901974
737 1 0.0 1 0.8873725104460906 -1 -0.9820773909901974
738 1 0.0 1 0.8873725104460906 -1 -0.9820773909901974
739 1 0.0 1 0.8873725104460906 -1 -0.9820773909901974
740 1 0.0 1 0.8873725104460906 -1 -0.9820773909901974
741 1 0.0 1 0.8873725104460906 -1 -0.9820773909901974
742 1 0.0 1 0.8873725104460906 -1 -0.9820773909901974
743 1 0.0 1 0.8873725104460906 -1 -0.9820773909901974
744 1 0.0 1 0.8873725104460906 -1 -0.9820773909901974
745 1 0.0 1 0.8873725104460906 -1 -0.9820773909901974
746 1 0.0 1 0.8873725104460906 -1 -0.9820773909901974
747 1 0.0 1 0.8873725104460906 -1 -0.9820773909901974
748 1 0.0 1 0.8873725104460906 -1 -0.9820773909901974
749 1 0.0 1 0.8873725104460906 -1 -0.9820773909901974
750 1 0.0 1 0.8873725104460906 -1 -0.9820773909901974
751 1 0.0 1 0.8873725104460906 -1 -0.9820773909901974
752 1 0.0 1 0.8873725104460906 -1 -0.9820773909901974
753 1 0.0 1 0.8873725104460906 -1 -0.9820773909901974
754 1 0.0 1 0.8873725104460906 -1 -0.9820773909901974
755 1 0.0 1 0.8873725104460906 -1 -0.9820773909901974
756 1 0.0 1 0.8873725104460906 -1 -0.9820773909901974
757 1 0.0 1 0.8873725104460906 -1 -0.9820773909901974
758 1 0.0 1 0.8873725104460906 -1 -0.9820773909901974
759 1 0.0 1 0.8873725104460906 -1 -0.9820773909901974
760 1 0.0 1 0.8873725104460906 -1 -0.9820773909901974
761 1 0.0 1 0.8873725104460906 -1 -0.9820773909901974
762 1 0.0 1 0.8873725104460906 -1 -0.9820773909901974
763 1 0.0 1 0.8873725104460906 -1 -0.9820773909901974
764 1 0.0 1 0.8873725104460906 -1 -0.9820773909901974
765 1 0.0 1 0.8873725104460906 -1 -0.9820773909901974
766 1 0.0 1 0.8873725104460906 -1 -0.9820773909901974
767 1 0.0 1 0.8873725104460906 -1 -0.9820773909901974
768 1 0.0 1 0.8873725104460906 -1 -0.9820773909901974
769 1 0.0 1 0.8873725104460906 -1 -0.9820773909901974
770 1 0.0 1 0.8873725104460906 -1 -0.9820773909901974
771 1 0.0 1 0.8873725104460906 -1 -0.9820773909901974
772 1 0.0 1 0.8873725104460906 -1 -0.9820773909901974
773 1 0.0 1 0.8873725104460906 -1 -0.9820773909901974
774 1 0.0 1 0.8873725104460906 -1 -0.9820773909901974
775 1 0.0 1 0.8873725104460906 -1 -0.9820773909901974
776 1 0.0 1 0.8873725104460906 -1 -0.9820773909901974
777 1 0.0 1 0.8873725104460906 -1 -0.9820773909901974
778 1 0.0 1 0.8873725104460906 -1 -0.9820773909901974
779 1 0.0 1 0.8873725104460906 -1 -0.9820773909901974
780 1 0.0 1 0.8873725104460906 -1 -0.9820773909901974
781 1 0.0 1 0.8873725104460906 -1 -0.9820773909901974
782 1 0.0 1 0.8873725104460906 -1 -0.9820773909901974
783 1 0.0 1 0.8873725104460906 -1 -0.9820773909901974
784 1 0.0 1 0.8873725104460906 -1 -0.9820773909901974
785 1 0.0 1 0.8873725104460906 -1 -0.9820773909901974
786 1 0.0 1 0.8873725104460906 -1 -0.9820773909901974
787 1 0.0 1 0.8873725104460906 -1 -0.9820773909901974
788 1 0.0 1 0.8873725104460906 -1 -0.9820773909901974
789 1 0.0 1 0.8873725104460906 -1 -0.9820773909901974
790 1 0.0 1 0.8873725104460906 -1 -0.9820773909901974
791 1 0.0 1 0.8873725104460906 -1 -0.9820773909901974
792 1 0.0 1 0.8873725104460906 -1 -0.9820773909901974
793 1 0.0 1 0.8873725104460906 -1 -0.9820773909901974
794 1 0.0 1 0.8873725104460906 -1 -0.9820773909901974
795 1 0.0 1 0.8873725104460906 -1 -0.9820773909901974
796 1 0.0 1 0.8873725104460906 -1 -0.9820773909901974
797 1 0.0 1 0.8873725104460906 -1 -0.9820773909901974
798 1 0.0 1 0.8873725104460906 -1 -0.9820773909901974
799 1 0.0 1 0.8873725104460906 -1 -0.9820773909901974
800 1 0.0 1 0.8873725104460906 -1 -0.9820773909901974
801 1 0.0 1 0.8873725104460906 -1 -0.9820773909901974
802 1 0.0 1 0.8873725104460906 -1 -0.9820773909901974
803 1 0.0 1 0.8873725104460906 -1 -0.9820773909901974
804 1 0.0 1 0.8873725104460906 -1 -0.9820773909901974
805 1 0.0 1 0.8873725104460906 -1 -0.9820773909901974
806 1 0.0 1 0.8873725104460906 -1 -0.9820773909901974
807 1 0.0 1 0.8873725104460906 -1 -0.9820773909901974
808 1 0.0 1 0.8873725104460906 -1 -0.9820773909901974
809 1 0.0 1 0.8873725104460906 -1 -0.9820773909901974
810 1 0.0 1 0.8873725104460906 -1 -0.9820773909901974
811 1 0.0 1 0.8873725104460906 -1 -0.9820773909901974
812 1 0.0 1 0.8873725104460906 -1 -0.9820773909901974
813 1 0.0 1 0.8873725104460906 -1 -0.9820773909901974
814 1 0.0 1 0.8873725104460906 -1 -0.9820773909901974
815 1 0.0 1 0.8873725104460906 -1 -0.9820773909901974
816 1 0.0 1 0.8873725104460906 -1 -0.9820773909901974
817 1 0.0 1 0.8873725104460906 -1 -0.9820773909901974
818 1 0.0 1 0.8873725104460906 -1 -0.9820773909901974
819 1 0.0 1 0.8873725104460906 -1 -0.9820773909901974
820 1 0.0 1 0.8873725104460906 -1 -0.9820773909901974
821 1 0.0 1 0.8873725104460906 -1 -0.9820773909901974
822 1 0.0 1 0.8873725104460906 -1 -0.9820773909901974
823 1 0.0 1 0.8873725104460906 -1 -0.9820773909901974
824 1 0.0 1 0.8873725104460906 -1 -0.9820773909901974
825 1 0.0 1 0.8873725104460906 -1 -0.9820773909901974
826 1 0.0 1 0.8873725104460906 -1 -0.9820773909901974
827 1 0.0 1 0.8873725104460906 -1 -0.9820773909901974
828 1 0.0 1 0.8873725104460906 -1 -0.9820773909901974
829 1 0.0 1 0.8873725104460906 -1 -0.9820773909901974
830 1 0.0 1 0.8873725104460906 -1 -0.9820773909901974
831 1 0.0 1 0.8873725104460906 -1 -0.9820773909901974
832 1 0.0 1 0.8873725104460906 -1 -0.9820773909901974
833 1 0.0 1 0.8873725104460906 -1 -0.9820773909901974
834 1 0.0 1 0.8873725104460906 -1 -0.9820773909901974
835 1 0.0 1 0.8873725104460906 -1 -0.9820773909901974
836 1 0.0 1 0.8873725104460906 -1 -0.9820773909901974
837 1 0.0 1 0.8873725104460906 -1 -0.9820773909901974
838 1 0.0 1 0.8873725104460906 -1 -0.9820773909901974
839 1 0.0 1 0.8873725104460906 -1 -0.9820773909901974
840 1 0.0 1 0.8873725104460906 -1 -0.9820773909901974
841 1 0.0 1 0.8873725104460906 -1 -0.9820773909901974
842 1 0.0 1 0.8873725104460906 -1 -0.9820773909901974
843 1 0.0 1 0.8873725104460906 -1 -0.9820773909901974
844 1 0.0 1 0.8873725104460906 -1 -0.9820773909901974
845 1 0.0 1 0.8873725104460906 -1 -0.9820773909901974
846 1 0.0 1 0.8873725104460906 -1 -0.9820773909901974
847 1 0.0 1 0.8873725104460906 -1 -0.9820773909901974
848 1 0.0 1 0.8873725104460906 -1 -0.9820773909901974
849 1 0.0 1 0.8873725104460906 -1 -0.9820773909901974
850 1 0.0 1 0.8873725104460906 -1 -0.9820773909901974
851 1 0.0 1 0.8873725104460906 -1 -0.9820773909901974
852 1 0.0 1 0.8873725104460906 -1 -0.9820773909901974
853 1 0.0 1 0.8873725104460906 -1 -0.9820773909901974
854 1 0.0 1 0.8873725104460906 -1 -0.9820773909901974
855 1 0.0 1 0.8873725104460906 -1 -0.9820773909901974
856 1 0.0 1 0.8873725104460906 -1 -0.9820773909901974
857 1 0.0 1 0.8873725104460906 -1 -0.9820773909901974
858 1 0.0 1 0.8873725104460906 -1 -0.9820773909901974
859 1 0.0 1 0.8873725104460906 -1 -0.9820773909901974
860 1 0.0 1 0.8873725104460906 -1 -0.9820773909901974
861 1 0.0 1 0.8873725104460906 -1 -0.9820773909901974
862 1 0.0 1 0.8873725104460906 -1 -0.9820773909901974
863 1 0.0 1 0.8873725104460906 -1 -0.9820773909901974
864 1 0.0 1 0.8873725104460906 -1 -0.9820773909901974
865 1 0.0 1 0.8873725104460906 -1 -0.9820773909901974
866 1 0.0 1 0.8873725104460906 -1 -0.9820773909901974
867 1 0.0 1 0.8873725104460906 -1 -0.9820773909901974
868 1 0.0 1 0.8873725104460906 -1 -0.9820773909901974
869 1 0.0 1 0.8873725104460906 -1 -0.9820773909901974
870 1 0.0 1 0.8873725104460906 -1 -0.9820773909901974
871 1 0.0 1 0.8873725104460906 -1 -0.9820773909901974
872 1 0.0 1 0.8873725104460906 -1 -0.9820773909901974
873 1 0.0 1 0.8873725104460906 -1 -0.9820773909901974
874 1 0.0 1 0.8873725104460906 -1 -0.9820773909901974
875 1 0.0 1 0.8873725104460906 -1 -0.9820773909901974
876 1 0.0 1 0.8873725104460906 -1 -0.9820773909901974
877 1 0.0 1 0.8873725104460906 -1 -0.9820773909901974
878 1 0.0 1 0.8873725104460906 -1 -0.9820773909901974
879 1 0.0 1 0.8873725104460906 -1 -0.9820773909901974
880 1 0.0 1 0.8873725104460906 -1 -0.9820773909901974
881 1 0.0 1 0.8873725104460906 -1 -0.9820773909901974
882 1 0.0 1 0.8873725104460906 -1 -0.9820773909901974
883 1 0.0 1 0.8873725104460906 -1 -0.9820773909901974
884 1 0.0 1 0.8873725104460906 -1 -0.9820773909901974
885 1 0.0 1 0.8873725104460906 -1 -0.9820773909901974
886 1 0.0 1 0.8873725104460906 -1 -0.9820773909901974
887 1 0.0 1 0.8873725104460906 -1 -0.9820773909901974
888 1 0.0 1 0.8873725104460906 -1 -0.9820773909901974
889 1 0.0 1 0.8873725104460906 -1 -0.9820773909901974
890 1 0.0 1 0.8873725104460906 -1 -0.9820773909901974
891 1 0.0 1 0.8873725104460906 -1 -0.9820773909901974
892 1 0.0 1 0.8873725104460906 -1 -0.9820773909901974
893 1 0.0 1 0.8873725104460906 -1 -0.9820773909901974
894 1 0.0 1 0.8873725104460906 -1 -0.9820773909901974
895 1 0.0 1 0.8873725104460906 -1 -0.9820773909901974
896 1 0.0 1 0.8873725104460906 -1 -0.9820773909901974
897 1 0.0 1 0.8873725104460906 -1 -0.9820773909901974
898 1 0.0 1 0.8873725104460906 -1 -0.9820773909901974
899 1 0.0 1 0.8873725104460906 -1 -0.9820773909901974
900 1 0.0 1 0.8873725104460906 -1 -0.9820773909901974
901 1 0.0 1 0.8873725104460906 -1 -0.9820773909901974
902 1 0.0 1 0.8873725104460906 -1 -0.9820773909901974
903 1 0.0 1 0.8873725104460906 -1 -0.9820773909901974
904 1 0.0 1 0.8873725104460906 -1 -0.9820773909901974
905 1 0.0 1 0.8873725104460906 -1 -0.9820773909901974
906 1 0.0 1 0.8873725104460906 -1 -0.9820773909901974
907 1 0.0 1 0.8873725104460906 -1 -0.9820773909901974
908 1 0.0 1 0.8873725104460906 -1 -0.9820773909901974
909 1 0.0 1 0.8873725104460906 -1 -0.9820773909901974
910 1 0.0 1 0.8873725104460906 -1 -0.9820773909901974
911 1 0.0 1 0.8873725104460906 -1 -0.9820773909901974
912 1 0.0 1 0.8873725104460906 -1 -0.9820773909901974
913 1 0.0 1 0.8873725104460906 -1 -0.9820773909901974
914 1 0.0 1 0.8873725104460906 -1 -0.9820773909901974
915 1 0.0 1 0.8873725104460906 -1 -0.9820773909901974
916 1 0.0 1 0.8873725104460906 -1 -0.9820773909901974
917 1 0.0 1 0.8873725104460906 -1 -0.9820773909901974
918 1 0.0 1 0.8873725104460906 -1 -0.9820773909901974
919 1 0.0 1 0.8873725104460906 -1 -0.9820773909901974
920 1 0.0 1 0.8873725104460906 -1 -0.9820773909901974
921 1 0.0 1 0.8873725104460906 -1 -0.9820773909901974
922 1 0.0 1 0.8873725104460906 -1 -0.9820773909901974
923 1 0.0 1 0.8873725104460906 -1 -0.9820773909901974
924 1 0.0 1 0.8873725104460906 -1 -0.9820773909901974
925 1 0.0 1 0.8873725104460906 -1 -0.9820773909901974
926 1 0.0 1 0.8873725104460906 -1 -0.9820773909901974
927 1 0.0 1 0.8873725104460906 -1 -0.9820773909901974
928 1 0.0 1 0.8873725104460906 -1 -0.9820773909901974
929 1 0.0 1 0.8873725104460906 -1 -0.9820773909901974
930 1 0.0 1 0.8873725104460906 -1 -0.9820773909901974
931 1 0.0 1 0.8873725104460906 -1 -0.9820773909901974
932 1 0.0 1 0.8873725104460906 -1 -0.9820773909901974
933 1 0.0 1 0.8873725104460906 -1 -0.9820773909901974
934 1 0.0 1 0.8873725104460906 -1 -0.9820773909901974
935 1 0.0 1 0.8873725104460906 -1 -0.9820773909901974
936 1 0.0 1 0.8873725104460906 -1 -0.9820773909901974
937 1 0.0 1 0.8873725104460906 -1 -0.9820773909901974
938 1 0.0 1 0.8873725104460906 -1 -0.9820773909901974
939 1 0.0 1 0.8873725104460906 -1 -0.9820773909901974
940 1 0.0 1 0.8873725104460906 -1 -0.9820773909901974
941 1 0.0 1 0.8873725104460906 -1 -0.9820773909901974
942 1 0.0 1 0.8873725104460906 -1 -0.9820773909901974
943 1 0.0 1 0.8873725104460906 -1 -0.9820773909901974
944 1 0.0 1 0.8873725104460906 -1 -0.9820773909901974
945 1 0.0 1 0.8873725104460906 -1 -0.9820773909901974
946 1 0.0 1 0.8873725104460906 -1 -0.9820773909901974
947 1 0.0 1 0.8873725104460906 -1 -0.9820773909901974
948 1 0.0 1 0.8873725104460906 -1 -0.9820773909901974
949 1 0.0 1 0.8873725104460906 -1 -0.9820773909901974
950 1 0.0 1 0.8873725104460906 -1 -0.9820773909901974
951 1 0.0 1 0.8873725104460906 -1 -0.9820773909901974
952 1 0.0 1 0.8873725104460906 -1 -0.9820773909901974
953 1 0.0 1 0.8873725104460906 -1 -0.9820773909901974
954 1 0.0 1 0.8873725104460906 -1 -0.9820773909901974
955 1 0.0 1 0.8873725104460906 -1 -0.9820773909901974
956 1 0.0 1 0.8873725104460906 -1 -0.9820773909901974
957 1 0.0 1 0.8873725104460906 -1 -0.9820773909901974
958 1 0.0 1 0.8873725104460906 -1 -0.9820773909901974
959 1 0.0 1 0.8873725104460906 -1 -0.9820773909901974
960 1 0.0 1 0.8873725104460906 -1 -0.9820773909901974
961 1 0.0 1 0.8873725104460906 -1 -0.9820773909901974
962 1 0.0 1 0.8873725104460906 -1 -0.9820773909901974
963 1 0.0 1 0.8873725104460906 -1 -0.9820773909901974
964 1 0.0 1 0.8873725104460906 -1 -0.9820773909901974
965 1 0.0 1 0.8873725104460906 -1 -0.9820773909901974
966 1 0.0 1 0.8873725104460906 -1 -0.9820773909901974
967 1 0.0 1 0.8873725104460906 -1 -0.9820773909901974
968 1 0.0 1 0.8873725104460906 -1 -0.9820773909901974
969 1 0.0 1 0.8873725104460906 -1 -0.9820773909901974
970 1 0.0 1 0.8873725104460906 -1 -0.9820773909901974
971 1 0.0 1 0.8873725104460906 -1 -0.9820773909901974
972 1 0.0 1 0.8873725104460906 -1 -0.9820773909901974
973 1 0.0 1 0.8873725104460906 -1 -0.9820773909901974
974 1 0.0 1 0.8873725104460906 -1 -0.9820773909901974
975 1 0.0 1 0.8873725104460906 -1 -0.9820773909901974
976 1 0.0 1 0.8873725104460906 -1 -0.9820773909901974
977 1 0.0 1 0.8873725104460906 -1 -0.9820773909901974
978 1 0.0 1 0.8873725104460906 -1 -0.9820773909901974
979 1 0.0 1 0.8873725104460906 -1 -0.9820773909901974
980 1 0.0 1 0.8873725104460906 -1 -0.9820773909901974
981 1 0.0 1 0.8873725104460906 -1 -0.9820773909901974
982 1 0.0 1 0.8873725104460906 -1 -0.9820773909901974
983 1 0.0 1 0.8873725104460906 -1 -0.9820773909901974
984 1 0.0 1 0.8873725104460906 -1 -0.9820773909901974
985 1 0.0 1 0.8873725104460906 -1 -0.9820773909901974
986 1 0.0 1 0.8873725104460906 -1 -0.9820773909901974
987 1 0.0 1 0.8873725104460906 -1 -0.9820773909901974
988 1 0.0 1 0.8873725104460906 -1 -0.9820773909901974
989 1 0.0 1 0.8873725104460906 -1 -0.9820773909901974
990 1 0.0 1 0.8873725104460906 -1 -0.9820773909901974
991 1 0.0 1 0.8873725104460906 -1 -0.9820773909901974
992 1 0.0 1 0.8873725104460906 -1 -0.9820773909901974
993 1 0.0 1 0.8873725104460906 -1 -0.9820773909901974
994 1 0.0 1 0.8873725104460906 -1 -0.9820773909901974
995 1 0.0 1 0.8873725104460906 -1 -0.9820773909901974
996 1 0.0 1 0.8873725104460906 -1 -0.9820773909901974
997 1 0.0 1 0.8873725104460906 -1 -0.9820773909901974
998 1 0.0 1 0.8873725104460906 -1 -0.9820773909901974
999 1 0.0 1 0.8873725104460906 -1 -0.9820773909901974
1000 1 0.0 1 0.8873725104460906 -1 -0.9820773909901974
1001 1 0.0 1 0.8873725104460906 -1 -0.9820773909901974
1002 1 0.0 1 0.8873725104460906 -1 -0.9820773909901974
1003 1 0.0 1 0.8873725104460906 -1 -0.9820773909901974
1004 1 0.0 1 0.8873725104460906 -1 -0.9820773909901974
1005 1 0.0 1 0.8873725104460906 -1 -0.9820773909901974
1006 1 0.0 1 0.8873725104460906 -1 -0.9820773909901974
1007 1 0.0 1 0.8873725104460906 -1 -0.9820773909901974
1008 1 0.0 1 0.8873725104460906 -1 -0.9820773909901974
1009 1 0.0 1 0.8873725104460906 -1 -0.9820773909901974
1010 1 0.0 1 0.8873725104460906 -1 -0.9820773909901974
1011 1 0.0 1 0.8873725104460906 -1 -0.9820773909901974
1012 1 0.0 1 0.8873725104460906 -1 -0.9820773909901974
1013 1 0.0 1 0.8873725104460906 -1 -0.9820773909901974
1014 1 0.0 1 0.8873725104460906 -1 -0.9820773909901974
1015 1 0.0 1 0.8873725104460906 -1 -0.9820773909901974
1016 1 0.0 1 0.8873725104460906 -1 -0.9820773909901974
1017 1 0.0 1 0.8873725104460906 -1 -0.9820773909901974
1018 1 0.0 1 0.8873725104460906 -1 -0.9820773909901974
1019 1 0.0 1 0.8873725104460906 -1 -0.9820773909901974
1020 1 0.0 1 0.8873725104460906 -1 -0.9820773909901974
1021 1 0.0 1 0.8873725104460906 -1 -0.9820773909901974
1022 1 0.0 1 0.8873725104460906 -1 -0.9820773909901974
1023 1 0.0 1 0.8873725104460906 -1 -0.9820773909901974
1024 1 0.0 1 0.8873725104460906 -1 -0.9820773909901974
1025 1 0.0 1 0.8873725104460906 -1 -0.9820773909901974
1026 1 0.0 1 0.8873725104460906 -1 -0.9820773909901974
1027 1 0.0 1 0.8873725104460906 -1 -0.9820773909901974
1028 1 0.0 1 0.8873725104460906 -1 -0.9820773909901974
1029 1 0.0 1 0.8873725104460906 -1 -0.9820773909901974
1030 1 0.0 1 0.8873725104460906 -1 -0.9820773909901974
1031 1 0.0 1 0.8873725104460906 -1 -0.9820773909901974
1032 1 0.0 1 0.8873725104460906 -1 -0.9820773909901974
1033 1 0.0 1 0.8873725104460906 -1 -0.9820773909901974
1034 1 0.0 1 0.8873725104460906 -1 -0.9820773909901974
1035 1 0.0 1 0.8873725104460906 -1 -0.9820773909901974
1036 1 0.0 1 0.8873725104460906 -1 -0.9820773909901974
1037 1 0.0 1 0.8873725104460906 -1 -0.9820773909901974
1038 1 0.0 1 0.8873725104460906 -1 -0.9820773909901974
1039 1 0.0 1 0.8873725104460906 -1 -0.9820773909901974
1040 1 0.0 1 0.8873725104460906 -1 -0.9820773909901974
1041 1 0.0 1 0.8873725104460906 -1 -0.9820773909901974
1042 1 0.0 1 0.8873725104460906 -1 -0.9820773909901974
1043 1 0.0 1 0.8873725104460906 -1 -0.9820773909901974
1044 1 0.0 1 0.8873725104460906 -1 -0.9820773909901974
1045 1 0.0 1 0.8873725104460906 -1 -0.9820773909901974
1046 1 0.0 1 0.8873725104460906 -1 -0.9820773909901974
1047 1 0.0 1 0.8873725104460906 -1 -0.9820773909901974
1048 1 0.0 1 0.8873725104460906 -1 -0.9820773909901974
1049 1 0.0 1 0.8873725104460906 -1 -0.9820773909901974
1050 1 0.0 1 0.8873725104460906 -1 -0.9820773909901974
1051 1 0.0 1 0.8873725104460906 -1 -0.9820773909901974
1052 1 0.0 1 0.8873725104460906 -1 -0.9820773909901974
1053 1 0.0 1 0.8873725104460906 -1 -0.9820773909901974
1054 1 0.0 1 0.8873725104460906 -1 -0.9820773909901974
1055 1 0.0 1 0.8873725104460906 -1 -0.9820773909901974
1056 1 0.0 1 0.8873725104460906 -1 -0.9820773909901974
1057 1 0.0 1 0.8873725104460906 -1 -0.9820773909901974
1058 1 0.0 1 0.8873725104460906 -1 -0.9820773909901974
1059 1 0.0 1 0.8873725104460906 -1 -0.9820773909901974
1060 1 0.0 1 0.8873725104460906 -1 -0.9820773909901974
1061 1 0.0 1 0.8873725104460906 -1 -0.9820773909901974
1062 1 0.0 1 0.8873725104460906 -1 -0.9820773909901974
1063 1 0.0 1 0.8873725104460906 -1 -0.9820773909901974
1064 1 0.0 1 0.8873725104460906 -1 -0.9820773909901974
1065 1 0.0 1 0.8873725104460906 -1 -0.9820773909901974
1066 1 0.0 1 0.8873725104460906 -1 -0.9820773909901974
1067 1 0.0 1 0.8873725104460906 -1 -0.9820773909901974
1068 1 0.0 1 0.8873725104460906 -1 -0.9820773909901974
1069 1 0.0 1 0.8873725104460906 -1 -0.9820773909901974
1070 1 0.0 1 0.8873725104460906 -1 -0.9820773909901974
1071 1 0.0 1 0.8873725104460906 -1 -0.9820773909901974
1072 1 0.0 1 0.8873725104460906 -1 -0.9820773909901974
1073 1 0.0 1 0.8873725104460906 -1 -0.9820773909901974
1074 1 0.0 1 0.8873725104460906 -1 -0.9820773909901974
1075 1 0.0 1 0.8873725104460906 -1 -0.9820773909901974
1076 1 0.0 1 0.8873725104460906 -1 -0.9820773909901974
1077 1 0.0 1 0.8873725104460906 -1 -0.9820773909901974
1078 1 0.0 1 0.8873725104460906 -1 -0.9820773909901974
1079 1 0.0 1 0.8873725104460906 -1 -0.9820773909901974
1080 1 0.0 1 0.8873725104460906 -1 -0.9820773909901974
1081 1 0.0 1 0.8873725104460906 -1 -0.9820773909901974
1082 1 0.0 1 0.8873725104460906 -1 -0.9820773909901974
1083 1 0.0 1 0.8873725104460906 -1 -0.9820773909901974
1084 1 0.0 1 0.8873725104460906 -1 -0.9820773909901974
1085 1 0.0 1 0.8873725104460906 -1 -0.9820773909901974
1086 1 0.0 1 0.8873725104460906 -1 -0.9820773909901974
1087 1 0.0 1 0.8873725104460906 -1 -0.9820773909901974
1088 1 0.0 1 0.8873725104460906 -1 -0.9820773909901974
1089 1 0.0 1 0.8873725104460906 -1 -0.9820773909901974
1090 1 0.0 1 0.8873725104460906 -1 -0.9820773909901974
1091 1 0.0 1 0.8873725104460906 -1 -0.9820773909901974
1092 1 0.0 1 0.8873725104460906 -1 -0.9820773909901974
1093 1 0.0 1 0.8873725104460906 -1 -0.9820773909901974
1094 1 0.0 1 0.8873725104460906 -1 -0.9820773909901974
1095 1 0.0 1 0.8873725104460906 -1 -0.9820773909901974
1096 1 0.0 1 0.8873725104460906 -1 -0.9820773909901974
1097 1 0.0 1 0.8873725104460906 -1 -0.9820773909901974
1098 1 0.0 1 0.8873725104460906 -1 -0.9820773909901974
1099 1 0.0 1 0.8873725104460906 -1 -0.9820773909901974
1100 1 0.0 1 0.8873725104460906 -1 -0.9820773909901974
1101 1 0.0 1 0.8873725104460906 -1 -0.9820773909901974
1102 1 0.0 1 0.8873725104460906 -1 -0.9820773909901974
1103 1 0.0 1 0.8873725104460906 -1 -0.9820773909901974
1104 1 0.0 1 0.8873725104460906 -1 -0.9820773909901974
1105 1 0.0 1 0.8873725104460906 -1 -0.9820773909901974
1106 1 0.0 1 0.8873725104460906 -1 -0.9820773909901974
1107 1 0.0 1 0.8873725104460906 -1 -0.9820773909901974
1108 1 0.0 1 0.8873725104460906 -1 -0.9820773909901974
1109 1 0.0 1 0.8873725104460906 -1 -0.9820773909901974
1110 1 0.0 1 0.8873725104460906 -1 -0.9820773909901974
1111 1 0.0 1 0.8873725104460906 -1 -0.9820773909901974
1112 1 0.0 1 0.8873725104460906 -1 -0.9820773909901974
1113 1 0.0 1 0.8873725104460906 -1 -0.9820773909901974
1114 1 0.0 1 0.8873725104460906 -1 -0.9820773909901974
1115 1 0.0 1 0.8873725104460906 -1 -0.9820773909901974
1116 1 0.0 1 0.8873725104460906 -1 -0.9820773909901974
1117 1 0.0 1 0.8873725104460906 -1 -0.9820773909901974
1118 1 0.0 1 0.8873725104460906 -1 -0.9820773909901974
1119 1 0.0 1 0.8873725104460906 -1 -0.9820773909901974
1120 1 0.0 1 0.8873725104460906 -1 -0.9820773909901974
1121 1 0.0 1 0.8873725104460906 -1 -0.9820773909901974
1122 1 0.0 1 0.8873725104460906 -1 -0.9820773909901974
1123 1 0.0 1 0.8873725104460906 -1 -0.9820773909901974
1124 1 0.0 1 0.8873725104460906 -1 -0.9820773909901974
1125 1 0.0 1 0.8873725104460906 -1 -0.9820773909901974
1126 1 0.0 1 0.8873725104460906 -1 -0.9820773909901974
1127 1 0.0 1 0.8873725104460906 -1 -0.9820773909901974
1128 1 0.0 1 0.8873725104460906 -1 -0.9820773909901974
1129 1 0.0 1 0.8873725104460906 -1 -0.9820773909901974
1130 1 0.0 1 0.8873725104460906 -1 -0.9820773909901974
1131 1 0.0 1 0.8873725104460906 -1 -0.9820773909901974
1132 1 0.0 1 0.8873725104460906 -1 -0.9820773909901974
1133 1 0.0 1 0.8873725104460906 -1 -0.9820773909901974
1134 1 0.0 1 0.8873725104460906 -1 -0.9820773909901974
1135 1 0.0 1 0.8873725104460906 -1 -0.9820773909901974
1136 1 0.0 1 0.8873725104460906 -1 -0.9820773909901974
1137 1 0.0 1 0.8873725104460906 -1 -0.9820773909901974
1138 1 0.0 1 0.8873725104460906 -1 -0.9820773909901974
1139 1 0.0 1 0.8873725104460906 -1 -0.9820773909901974
1140 1 0.0 1 0.8873725104460906 -1 -0.9820773909901974
1141 1 0.0 1 0.8873725104460906 -1 -0.9820773909901974
1142 1 0.0 1 0.8873725104460906 -1 -0.9820773909901974
1143 1 0.0 1 0.8873725104460906 -1 -0.9820773909901974
1144 1 0.0 1 0.8873725104460906 -1 -0.9820773909901974
1145 1 0.0 1 0.8873725104460906 -1 -0.9820773909901974
1146 1 0.0 1 0.8873725104460906 -1 -0.9820773909901974
1147 1 0.0 1 0.8873725104460906 -1 -0.9820773909901974
1148 1 0.0 1 0.8873725104460906 -1 -0.9820773909901974
1149 1 0.0 1 0.8873725104460906 -1 -0.9820773909901974
1150 1 0.0 1 0.8873725104460906 -1 -0.9820773909901974
1151 1 0.0 1 0.8873725104460906 -1 -0.9820773909901974
1152 1 0.0 1 0.8873725104460906 -1 -0.9820773909901974
1153 1 0.0 1 0.8873725104460906 -1 -0.9820773909901974
1154 1 0.0 1 0.8873725104460906 -1 -0.9820773909901974
1155 1 0.0 1 0.8873725104460906 -1 -0.9820773909901974
1156 1 0.0 1 0.8873725104460906 -1 -0.9820773909901974
1157 1 0.0 1 0.8873725104460906 -1 -0.9820773909901974
1158 1 0.0 1 0.8873725104460906 -1 -0.9820773909901974
1159 1 0.0 1 0.8873725104460906 -1 -0.9820773909901974
1160 1 0.0 1 0.8873725104460906 -1 -0.9820773909901974
1161 1 0.0 1 0.8873725104460906 -1 -0.9820773909901974
1162 1 0.0 1 0.8873725104460906 -1 -0.9820773909901974
1163 1 0.0 1 0.8873725104460906 -1 -0.9820773909901974
1164 1 0.0 1 0.8873725104460906 -1 -0.9820773909901974
1165 1 0.0 1 0.8873725104460906 -1 -0.9820773909901974
1166 1 0.0 1 0.8873725104460906 -1 -0.9820773909901974
1167 1 0.0 1 0.8873725104460906 -1 -0.9820773909901974
1168 1 0.0 1 0.8873725104460906 -1 -0.9820773909901974
1169 1 0.0 1 0.8873725104460906 -1 -0.9820773909901974
1170 1 0.0 1 0.8873725104460906 -1 -0.9820773909901974
1171 1 0.0 1 0.8873725104460906 -1 -0.9820773909901974
1172 1 0.0 1 0.8873725104460906 -1 -0.9820773909901974
1173 1 0.0 1 0.8873725104460906 -1 -0.9820773909901974
1174 1 0.0 1 0.8873725104460906 -1 -0.9820773909901974
1175 1 0.0 1 0.8873725104460906 -1 -0.9820773909901974
1176 1 0.0 1 0.8873725104460906 -1 -0.9820773909901974
1177 1 0.0 1 0.8873725104460906 -1 -0.9820773909901974
1178 1 0.0 1 0.8873725104460906 -1 -0.9820773909901974
1179 1 0.0 1 0.8873725104460906 -1 -0.9820773909901974
1180 1 0.0 1 0.8873725104460906 -1 -0.9820773909901974
1181 1 0.0 1 0.8873725104460906 -1 -0.9820773909901974
1182 1 0.0 1 0.8873725104460906 -1 -0.9820773909901974
1183 1 0.0 1 0.8873725104460906 -1 -0.9820773909901974
1184 1 0.0 1 0.8873725104460906 -1 -0.9820773909901974
1185 1 0.0 1 0.8873725104460906 -1 -0.9820773909901974
1186 1 0.0 1 0.8873725104460906 -1 -0.9820773909901974
1187 1 0.0 1 0.8873725104460906 -1 -0.9820773909901974
1188 1 0.0 1 0.8873725104460906 -1 -0.9820773909901974
1189 1 0.0 1 0.8873725104460906 -1 -0.9820773909901974
1190 1 0.0 1 0.8873725104460906 -1 -0.9820773909901974
1191 1 0.0 1 0.8873725104460906 -1 -0.9820773909901974
1192 1 0.0 1 0.8873725104460906 -1 -0.9820773909901974
1193 1 0.0 1 0.8873725104460906 -1 -0.9820773909901974
1194 1 0.0 1 0.8873725104460906 -1 -0.9820773909901974
1195 1 0.0 1 0.8873725104460906 -1 -0.9820773909901974
1196 1 0.0 1 0.8873725104460906 -1 -0.9820773909901974
1197 1 0.0 1 0.8873725104460906 -1 -0.9820773909901974
1198 1 0.0 1 0.8873725104460906 -1 -0.9820773909901974
1199 1 0.0 1 0.8873725104460906 -1 -0.9820773909901974
1200 1 0.0 1 0.8873725104460906 -1 -0.9820773909901974
1201 1 0.0 1 0.8873725104460906 -1 -0.9820773909901974
1202 1 0.0 1 0.8873725104460906 -1 -0.9820773909901974
1203 1 0.0 1 0.8873725104460906 -1 -0.9820773909901974
1204 1 0.0 1 0.8873725104460906 -1 -0.9820773909901974
1205 1 0.0 1 0.8873725104460906 -1 -0.9820773909901974
1206 1 0.0 1 0.8873725104460906 -1 -0.9820773909901974
1207 1 0.0 1 0.8873725104460906 -1 -0.9820773909901974
1208 1 0.0 1 0.8873725104460906 -1 -0.9820773909901974
1209 1 0.0 1 0.8873725104460906 -1 -0.9820773909901974
1210 1 0.0 1 0.8873725104460906 -1 -0.9820773909901974
1211 1 0.0 1 0.8873725104460906 -1 -0.9820773909901974
1212 1 0.0 1 0.8873725104460906 -1 -0.9820773909901974
1213 1 0.0 1 0.8873725104460906 -1 -0.9820773909901974
1214 1 0.0 1 0.8873725104460906 -1 -0.9820773909901974
1215 1 0.0 1 0.8873725104460906 -1 -0.9820773909901974
1216 1 0.0 1 0.8873725104460906 -1 -0.9820773909901974
1217 1 0.0 1 0.8873725104460906 -1 -0.9820773909901974
1218 1 0.0 1 0.8873725104460906 -1 -0.9820773909901974
1219 1 0.0 1 0.8873725104460906 -1 -0.9820773909901974
1220 1 0.0 1 0.8873725104460906 -1 -0.9820773909901974
1221 1 0.0 1 0.8873725104460906 -1 -0.9820773909901974
1222 1 0.0 1 0.8873725104460906 -1 -0.9820773909901974
1223 1 0.0 1 0.8873725104460906 -1 -0.9820773909901974
1224 1 0.0 1 0.8873725104460906 -1 -0.9820773909901974
1225 1 0.0 1 0.8873725104460906 -1 -0.9820773909901974
1226 1 0.0 1 0.8873725104460906 -1 -0.9820773909901974
1227 1 0.0 1 0.8873725104460906 -1 -0.9820773909901974
1228 1 0.0 1 0.8873725104460906 -1 -0.9820773909901974
1229 1 0.0 1 0.8873725104460906 -1 -0.9820773909901974
1230 1 0.0 1 0.8873725104460906 -1 -0.9820773909901974
1231 1 0.0 1 0.8873725104460906 -1 -0.9820773909901974
1232 1 0.0 1 0.8873725104460906 -1 -0.9820773909901974
1233 1 0.0 1 0.8873725104460906 -1 -0.9820773909901974
1234 1 0.0 1 0.8873725104460906 -1 -0.9820773909901974
1235 1 0.0 1 0.8873725104460906 -1 -0.9820773909901974
1236 1 0.0 1 0.8873725104460906 -1 -0.9820773909901974
1237 1 0.0 1 0.8873725104460906 -1 -0.9820773909901974
1238 1 0.0 1 0.8873725104460906 -1 -0.9820773909901974
1239 1 0.0 1 0.8873725104460906 -1 -0.9820773909901974
1240 1 0.0 1 0.8873725104460906 -1 -0.9820773909901974
1241 1 0.0 1 0.8873725104460906 -1 -0.9820773909901974
1242 1 0.0 1 0.8873725104460906 -1 -0.9820773909901974
1243 1 0.0 1 0.8873725104460906 -1 -0.9820773909901974
1244 1 0.0 1 0.8873725104460906 -1 -0.9820773909901974
1245 1 0.0 1 0.8873725104460906 -1 -0.9820773909901974
1246 1 0.0 1 0.8873725104460906 -1 -0.9820773909901974
1247 1 0.0 1 0.8873725104460906 -1 -0.9820773909901974
1248 1 0.0 1 0.8873725104460906 -1 -0.9820773909901974
1249 1 0.0 1 0.8873725104460906 -1 -0.9820773909901974
1250 1 0.0 1 0.8873725104460906 -1 -0.9820773909901974
1251 1 0.0 1 0.8873725104460906 -1 -0.9820773909901974
1252 1 0.0 1 0.8873725104460906 -1 -0.9820773909901974
1253 1 0.0 1 0.8873725104460906 -1 -0.9820773909901974
1254 1 0.0 1 0.8873725104460906 -1 -0.9820773909901974
1255 1 0.0 1 0.8873725104460906 -1 -0.9820773909901974
1256 1 0.0 1 0.8873725104460906 -1 -0.9820773909901974
1257 1 0.0 1 0.8873725104460906 -1 -0.9820773909901974
1258 1 0.0 1 0.8873725104460906 -1 -0.9820773909901974
1259 1 0.0 1 0.8873725104460906 -1 -0.9820773909901974
1260 1 0.0 1 0.8873725104460906 -1 -0.9820773909901974
1261 1 0.0 1 0.8873725104460906 -1 -0.9820773909901974
1262 1 0.0 1 0.8873725104460906 -1 -0.9820773909901974
1263 1 0.0 1 0.8873725104460906 -1 -0.9820773909901974
1264 1 0.0 1 0.8873725104460906 -1 -0.9820773909901974
1265 1 0.0 1 0.8873725104460906 -1 -0.9820773909901974
1266 1 0.0 1 0.8873725104460906 -1 -0.9820773909901974
1267 1 0.0 1 0.8873725104460906 -1 -0.9820773909901974
1268 1 0.0 1 0.8873725104460906 -1 -0.9820773909901974
1269 1 0.0 1 0.8873725104460906 -1 -0.9820773909901974
1270 1 0.0 1 0.8873725104460906 -1 -0.9820773909901974
1271 1 0.0 1 0.8873725104460906 -1 -0.9820773909901974
1272 1 0.0 1 0.8873725104460906 -1 -0.9820773909901974
1273 1 0.0 1 0.8873725104460906 -1 -0.9820773909901974
1274 1 0.0 1 0.8873725104460906 -1 -0.9820773909901974
1275 1 0.0 1 0.8873725104460906 -1 -0.9820773909901974
1276 1 0.0 1 0.8873725104460906 -1 -0.9820773909901974
1277 1 0.0 1 0.8873725104460906 -1 -0.9820773909901974
1278 1 0.0 1 0.8873725104460906 -1 -0.9820773909901974
1279 1 0.0 1 0.8873725104460906 -1 -0.9820773909901974
1280 1 0.0 1 0.8873725104460906 -1 -0.9820773909901974
1281 1 0.0 1 0.8873725104460906 -1 -0.9820773909901974
1282 1 0.0 1 0.8873725104460906 -1 -0.9820773909901974
1283 1 0.0 1 0.8873725104460906 -1 -0.9820773909901974
1284 1 0.0 1 0.8873725104460906 -1 -0.9820773909901974
1285 1 0.0 1 0.8873725104460906 -1 -0.9820773909901974
1286 1 0.0 1 0.8873725104460906 -1 -0.9820773909901974
1287 1 0.0 1 0.8873725104460906 -1 -0.9820773909901974
1288 1 0.0 1 0.8873725104460906 -1 -0.9820773909901974
1289 1 0.0 1 0.8873725104460906 -1 -0.9820773909901974
1290 1 0.0 1 0.8873725104460906 -1 -0.9820773909901974
1291 1 0.0 1 0.8873725104460906 -1 -0.9820773909901974
1292 1 0.0 1 0.8873725104460906 -1 -0.9820773909901974
1293 1 0.0 1 0.8873725104460906 -1 -0.9820773909901974
1294 1 0.0 1 0.8873725104460906 -1 -0.9820773909901974
1295 1 0.0 1 0.8873725104460906 -1 -0.9820773909901974
1296 1 0.0 1 0.8873725104460906 -1 -0.9820773909901974
1297 1 0.0 1 0.8873725104460906 -1 -0.9820773909901974
1298 1 0.0 1 0.8873725104460906 -1 -0.9820773909901974
1299 1 0.0 1 0.8873725104460906 -1 -0.9820773909901974
1300 1 0.0 1 0.8873725104460906 -1 -0.9820773909901974
1301 1 0.0 1 0.8873725104460906 -1 -0.9820773909901974
1302 1 0.0 1 0.8873725104460906 -1 -0.9820773909901974
1303 1 0.0 1 0.8873725104460906 -1 -0.9820773909901974
1304 1 0.0 1 0.8873725104460906 -1 -0.9820773909901974
1305 1 0.0 1 0.8873725104460906 -1 -0.9820773909901974
1306 1 0.0 1 0.8873725104460906 -1 -0.9820773909901974
1307 1 0.0 1 0.8873725104460906 -1 -0.9820773909901974
1308 1 0.0 1 0.8873725104460906 -1 -0.9820773909901974
1309 1 0.0 1 0.8873725104460906 -1 -0.9820773909901974
1310 1 0.0 1 0.8873725104460906 -1 -0.9820773909901974
1311 1 0.0 1 0.8873725104460906 -1 -0.9820773909901974
1312 1 0.0 1 0.8873725104460906 -1 -0.9820773909901974
1313 1 0.0 1 0.8873725104460906 -1 -0.9820773909901974
1314 1 0.0 1 0.8873725104460906 -1 -0.9820773909901974
1315 1 0.0 1 0.8873725104460906 -1 -0.9820773909901974
1316 1 0.0 1 0.8873725104460906 -1 -0.9820773909901974
1317 1 0.0 1 0.8873725104460906 -1 -0.9820773909901974
1318 1 0.0 1 0.8873725104460906 -1 -0.9820773909901974
1319 1 0.0 1 0.8873725104460906 -1 -0.9820773909901974
1320 1 0.0 1 0.8873725104460906 -1 -0.9820773909901974
1321 1 0.0 1 0.8873725104460906 -1 -0.9820773909901974
1322 1 0.0 1 0.8873725104460906 -1 -0.9820773909901974
1323 1 0.0 1 0.8873725104460906 -1 -0.9820773909901974
1324 1 0.0 1 0.8873725104460906 -1 -0.9820773909901974
1325 1 0.0 1 0.8873725104460906 -1 -0.9820773909901974
1326 1 0.0 1 0.8873725104460906 -1 -0.9820773909901974
1327 1 0.0 1 0.8873725104460906 -1 -0.9820773909901974
1328 1 0.0 1 0.8873725104460906 -1 -0.9820773909901974
1329 1 0.0 1 0.8873725104460906 -1 -0.9820773909901974
1330 1 0.0 1 0.8873725104460906 -1 -0.9820773909901974
1331 1 0.0 1 0.8873725104460906 -1 -0.9820773909901974
1332 1 0.0 1 0.8873725104460906 -1 -0.9820773909901974
1333 1 0.0 1 0.8873725104460906 -1 -0.9820773909901974
1334 1 0.0 1 0.8873725104460906 -1 -0.9820773909901974
1335 1 0.0 1 0.8873725104460906 -1 -0.9820773909901974
1336 1 0.0 1 0.8873725104460906 -1 -0.9820773909901974
1337 1 0.0 1 0.8873725104460906 -1 -0.9820773909901974
1338 1 0.0 1 0.8873725104460906 -1 -0.9820773909901974
1339 1 0.0 1 0.8873725104460906 -1 -0.9820773909901974
1340 1 0.0 1 0.8873725104460906 -1 -0.9820773909901974
1341 1 0.0 1 0.8873725104460906 -1 -0.9820773909901974
1342 1 0.0 1 0.8873725104460906 -1 -0.9820773909901974
1343 1 0.0 1 0.8873725104460906 -1 -0.9820773909901974
1344 1 0.0 1 0.8873725104460906 -1 -0.9820773909901974
1345 1 0.0 1 0.8873725104460906 -1 -0.9820773909901974
1346 1 0.0 1 0.8873725104460906 -1 -0.9820773909901974
1347 1 0.0 1 0.8873725104460906 -1 -0.9820773909901974
1348 1 0.0 1 0.8873725104460906 -1 -0.9820773909901974
1349 1 0.0 1 0.8873725104460906 -1 -0.9820773909901974
1350 1 0.0 1 0.8873725104460906 -1 -0.9820773909901974
1351 1 0.0 1 0.8873725104460906 -1 -0.9820773909901974
1352 1 0.0 1 0.8873725104460906 -1 -0.9820773909901974
1353 1 0.0 1 0.8873725104460906 -1 -0.9820773909901974
1354 1 0.0 1 0.8873725104460906 -1 -0.9820773909901974
1355 1 0.0 1 0.8873725104460906 -1 -0.9820773909901974
1356 1 0.0 1 0.8873725104460906 -1 -0.9820773909901974
1357 1 0.0 1 0.8873725104460906 -1 -0.9820773909901974
1358 1 0.0 1 0.8873725104460906 -1 -0.9820773909901974
1359 1 0.0 1 0.8873725104460906 -1 -0.9820773909901974
1360 1 0.0 1 0.8873725104460906 -1 -0.9820773909901974
1361 1 0.0 1 0.8873725104460906 -1 -0.9820773909901974
1362 1 0.0 1 0.8873725104460906 -1 -0.9820773909901974
1363 1 0.0 1 0.8873725104460906 -1 -0.9820773909901974
1364 1 0.0 1 0.8873725104460906 -1 -0.9820773909901974
1365 1 0.0 1 0.8873725104460906 -1 -0.9820773909901974
1366 1 0.0 1 0.8873725104460906 -1 -0.9820773909901974
1367 1 0.0 1 0.8873725104460906 -1 -0.9820773909901974
1368 1 0.0 1 0.8873725104460906 -1 -0.9820773909901974
1369 1 0.0 1 0.8873725104460906 -1 -0.9820773909901974
1370 1 0.0 1 0.8873725104460906 -1 -0.9820773909901974
1371 1 0.0 1 0.8873725104460906 -1 -0.9820773909901974
1372 1 0.0 1 0.8873725104460906 -1 -0.9820773909901974
1373 1 0.0 1 0.8873725104460906 -1 -0.9820773909901974
1374 1 0.0 1 0.8873725104460906 -1 -0.9820773909901974
1375 1 0.0 1 0.8873725104460906 -1 -0.9820773909901974
1376 1 0.0 1 0.8873725104460906 -1 -0.9820773909901974
1377 1 0.0 1 0.8873725104460906 -1 -0.9820773909901974
1378 1 0.0 1 0.8873725104460906 -1 -0.9820773909901974
1379 1 0.0 1 0.8873725104460906 -1 -0.9820773909901974
1380 1 0.0 1 0.8873725104460906 -1 -0.9820773909901974
1381 1 0.0 1 0.8873725104460906 -1 -0.9820773909901974
1382 1 0.0 1 0.8873725104460906 -1 -0.9820773909901974
1383 1 0.0 1 0.8873725104460906 -1 -0.9820773909901974
1384 1 0.0 1 0.8873725104460906 -1 -0.9820773909901974
1385 1 0.0 1 0.8873725104460906 -1 -0.9820773909901974
1386 1 0.0 1 0.8873725104460906 -1 -0.9820773909901974
1387 1 0.0 1 0.8873725104460906 -1 -0.9820773909901974
1388 1 0.0 1 0.8873725104460906 -1 -0.9820773909901974
1389 1 0.0 1 0.8873725104460906 -1 -0.9820773909901974
1390 1 0.0 1 0.8873725104460906 -1 -0.9820773909901974
1391 1 0.0 1 0.8873725104460906 -1 -0.9820773909901974
1392 1 0.0 1 0.8873725104460906 -1 -0.9820773909901974
1393 1 0.0 1 0.8873725104460906 -1 -0.9820773909901974
1394 1 0.0 1 0.8873725104460906 -1 -0.9820773909901974
1395 1 0.0 1 0.8873725104460906 -1 -0.9820773909901974
1396 1 0.0 1 0.8873725104460906 -1 -0.9820773909901974
1397 1 0.0 1 0.8873725104460906 -1 -0.9820773909901974
1398 1 0.0 1 0.8873725104460906 -1 -0.9820773909901974
1399 1 0.0 1 0.8873725104460906 -1 -0.9820773909901974
1400 1 0.0 1 0.8873725104460906 -1 -0.9820773909901974
1401 1 0.0 1 0.8873725104460906 -1 -0.9820773909901974
1402 1 0.0 1 0.8873725104460906 -1 -0.9820773909901974
1403 1 0.0 1 0.8873725104460906 -1 -0.9820773909901974
1404 1 0.0 1 0.8873725104460906 -1 -0.9820773909901974
1405 1 0.0 1 0.8873725104460906 -1 -0.9820773909901974
1406 1 0.0 1 0.8873725104460906 -1 -0.9820773909901974
1407 1 0.0 1 0.8873725104460906 -1 -0.9820773909901974
1408 1 0.0 1 0.8873725104460906 -1 -0.9820773909901974
1409 1 0.0 1 0.8873725104460906 -1 -0.9820773909901974
1410 1 0.0 1 0.8873725104460906 -1 -0.9820773909901974
1411 1 0.0 1 0.8873725104460906 -1 -0.9820773909901974
1412 1 0.0 1 0.8873725104460906 -1 -0.9820773909901974
1413 1 0.0 1 0.8873725104460906 -1 -0.9820773909901974
1414 1 0.0 1 0.8873725104460906 -1 -0.9820773909901974
1415 1 0.0 1 0.8873725104460906 -1 -0.9820773909901974
1416 1 0.0 1 0.8873725104460906 -1 -0.9820773909901974
1417 1 0.0 1 0.8873725104460906 -1 -0.9820773909901974
1418 1 0.0 1 0.8873725104460906 -1 -0.9820773909901974
1419 1 0.0 1 0.8873725104460906 -1 -0.9820773909901974
1420 1 0.0 1 0.8873725104460906 -1 -0.9820773909901974
1421 1 0.0 1 0.8873725104460906 -1 -0.9820773909901974
1422 1 0.0 1 0.8873725104460906 -1 -0.9820773909901974
1423 1 0.0 1 0.8873725104460906 -1 -0.9820773909901974
1424 1 0.0 1 0.8873725104460906 -1 -0.9820773909901974
1425 1 0.0 1 0.8873725104460906 -1 -0.9820773909901974
1426 1 0.0 1 0.8873725104460906 -1 -0.9820773909901974
1427 1 0.0 1 0.8873725104460906 -1 -0.9820773909901974
1428 1 0.0 1 0.8873725104460906 -1 -0.9820773909901974
1429 1 0.0 1 0.8873725104460906 -1 -0.9820773909901974
1430 1 0.0 1 0.8873725104460906 -1 -0.9820773909901974
1431 1 0.0 1 0.8873725104460906 -1 -0.9820773909901974
1432 1 0.0 1 0.8873725104460906 -1 -0.9820773909901974
1433 1 0.0 1 0.8873725104460906 -1 -0.9820773909901974
1434 1 0.0 1 0.8873725104460906 -1 -0.9820773909901974
1435 1 0.0 1 0.8873725104460906 -1 -0.9820773909901974
1436 1 0.0 1 0.8873725104460906 -1 -0.9820773909901974
1437 1 0.0 1 0.8873725104460906 -1 -0.9820773909901974
1438 1 0.0 1 0.8873725104460906 -1 -0.9820773909901974
1439 1 0.0 1 0.8873725104460906 -1 -0.9820773909901974
1440 1 0.0 1 0.8873725104460906 -1 -0.9820773909901974
1441 1 0.0 1 0.8873725104460906 -1 -0.9820773909901974
1442 1 0.0 1 0.8873725104460906 -1 -0.9820773909901974
1443 1 0.0 1 0.8873725104460906 -1 -0.9820773909901974
1444 1 0.0 1 0.8873725104460906 -1 -0.9820773909901974
1445 1 0.0 1 0.8873725104460906 -1 -0.9820773909901974
1446 1 0.0 1 0.8873725104460906 -1 -0.9820773909901974
1447 1 0.0 1 0.8873725104460906 -1 -0.9820773909901974
1448 1 0.0 1 0.8873725104460906 -1 -0.9820773909901974
1449 1 0.0 1 0.8873725104460906 -1 -0.9820773909901974
1450 1 0.0 1 0.8873725104460906 -1 -0.9820773909901974
1451 1 0.0 1 0.8873725104460906 -1 -0.9820773909901974
1452 1 0.0 1 0.8873725104460906 -1 -0.9820773909901974
1453 1 0.0 1 0.8873725104460906 -1 -0.9820773909901974
1454 1 0.0 1 0.8873725104460906 -1 -0.9820773909901974
1455 1 0.0 1 0.8873725104460906 -1 -0.9820773909901974
1456 1 0.0 1 0.8873725104460906 -1 -0.9820773909901974
1457 1 0.0 1 0.8873725104460906 -1 -0.9820773909901974
1458 1 0.0 1 0.8873725104460906 -1 -0.9820773909901974
1459 1 0.0 1 0.8873725104460906 -1 -0.9820773909901974
1460 1 0.0 1 0.8873725104460906 -1 -0.9820773909901974
1461 1 0.0 1 0.8873725104460906 -1 -0.9820773909901974
1462 1 0.0 1 0.8873725104460906 -1 -0.9820773909901974
1463 1 0.0 1 0.8873725104460906 -1 -0.9820773909901974
1464 1 0.0 1 0.8873725104460906 -1 -0.9820773909901974
1465 1 0.0 1 0.8873725104460906 -1 -0.9820773909901974
1466 1 0.0 1 0.8873725104460906 -1 -0.9820773909901974
1467 1 0.0 1 0.8873725104460906 -1 -0.9820773909901974
1468 1 0.0 1 0.8873725104460906 -1 -0.9820773909901974
1469 1 0.0 1 0.8873725104460906 -1 -0.9820773909901974
1470 1 0.0 1 0.8873725104460906 -1 -0.9820773909901974
1471 1 0.0 1 0.8873725104460906 -1 -0.9820773909901974
1472 1 0.0 1 0.8873725104460906 -1 -0.9820773909901974
1473 1 0.0 1 0.8873725104460906 -1 -0.9820773909901974
1474 1 0.0 1 0.8873725104460906 -1 -0.9820773909901974
1475 1 0.0 1 0.8873725104460906 -1 -0.9820773909901974
1476 1 0.0 1 0.8873725104460906 -1 -0.9820773909901974
1477 1 0.0 1 0.8873725104460906 -1 -0.9820773909901974
1478 1 0.0 1 0.8873725104460906 -1 -0.9820773909901974
1479 1 0.0 1 0.8873725104460906 -1 -0.9820773909901974
1480 1 0.0 1 0.8873725104460906 -1 -0.9820773909901974
1481 1 0.0 1 0.8873725104460906 -1 -0.9820773909901974
1482 1 0.0 1 0.8873725104460906 -1 -0.9820773909901974
1483 1 0.0 1 0.8873725104460906 -1 -0.9820773909901974
1484 1 0.0 1 0.8873725104460906 -1 -0.9820773909901974
1485 1 0.0 1 0.8873725104460906 -1 -0.9820773909901974
1486 1 0.0 1 0.8873725104460906 -1 -0.9820773909901974
1487 1 0.0 1 0.8873725104460906 -1 -0.9820773909901974
1488 1 0.0 1 0.8873725104460906 -1 -0.9820773909901974
1489 1 0.0 1 0.8873725104460906 -1 -0.9820773909901974
1490 1 0.0 1 0.8873725104460906 -1 -0.9820773909901974
1491 1 0.0 1 0.8873725104460906 -1 -0.9820773909901974
1492 1 0.0 1 0.8873725104460906 -1 -0.9820773909901974
1493 1 0.0 1 0.8873725104460906 -1 -0.9820773909901974
1494 1 0.0 1 0.8873725104460906 -1 -0.9820773909901974
1495 1 0.0 1 0.8873725104460906 -1 -0.9820773909901974
1496 1 0.0 1 0.8873725104460906 -1 -0.9820773909901974
1497 1 0.0 1 0.8873725104460906 -1 -0.9820773909901974
1498 1 0.0 1 0.8873725104460906 -1 -0.9820773909901974
1499 1 0.0 1 0.8873725104460906 -1 -0.9820773909901974
1500 1 0.0 1 0.8873725104460906 -1 -0.9820773909901974
