#PARAMETERS
# images = [[-1 -1 -1 -1; 1 -1 -1 -1; 1 1 1 1; 1 1 1 1], [-1 -1 1 1; -1 -1 -1 1; -1 1 -1 -1; -1 1 1 -1], [1 -1 -1 -1; 1 1 1 1; -1 1 1 1; -1 1 -1 -1], [-1 1 -1 1; 1 1 -1 1; -1 1 -1 1; 1 -1 1 1], [1 1 -1 1; -1 -1 -1 -1; 1 -1 -1 1; 1 1 1 -1], [1 -1 -1 1; 1 1 -1 -1; 1 1 1 1; -1 -1 -1 1], [1 1 -1 1; 1 1 -1 -1; -1 -1 1 1; 1 -1 -1 1], [1 1 1 -1; -1 -1 1 -1; -1 -1 -1 1; -1 -1 -1 -1], [-1 1 1 1; -1 -1 1 1; -1 1 1 -1; 1 -1 1 1], [1 1 1 -1; -1 -1 1 1; 1 -1 1 -1; 1 1 1 -1], [-1 -1 -1 -1; -1 1 -1 1; 1 1 -1 -1; -1 1 1 -1], [1 1 -1 -1; 1 1 1 1; 1 -1 -1 -1; 1 -1 -1 1], [1 1 -1 -1; 1 1 -1 -1; 1 1 -1 1; -1 -1 -1 -1], [-1 1 1 1; -1 -1 1 -1; -1 1 1 -1; -1 -1 -1 1], [-1 -1 -1 1; -1 -1 1 1; 1 1 -1 -1; 1 -1 1 1], [-1 1 -1 1; 1 -1 1 1; 1 1 -1 1; 1 -1 1 -1]]
# scaling = 1.0
# iterations = 100
# steps = 3000
# num_agitations = 1
# initial_stimuli = [(1, 1, 1)]
# sim_time = 4
# delta = -0.0013333333333333333

#Note, format for DATA is [conv_16, image_count, multiple_16]

#DATA

[
	 [1.0, 1, 0.0],
	 [0.9, 2, 0.9],
	 [0.9, 3, 0.4],
	 [0.7, 4, 0.1],
	 [0.9, 5, 0.1],
	 [0.3, 6, 0.0],
	 [0.3, 7, 0.1],
	 [0.8, 8, 0.1],
	 [0.2, 9, 0.1],
	 [0.3, 10, 0.1],
	 [0.4, 11, 0.1],
	 [0.4, 12, 0.0],
	 [0.4, 13, 0.2],
	 [0.3, 14, 0.1],
	 [0.4, 15, 0.0],
	 [0.5, 16, 0.0],
]

